0.001 0.233333 3.60889 0.00182973 2.43597e-05 0.583744 1.57414 0 0.00150843 105.336 1.04347 0.000297057 7.0672e-05 0.698593 0 5.49612e-05 0.650284 86.4018 0.033472 6.08954e-94 0.317922 0.0937508 1.08794
0.00097 0.233333 3.53661 0.00183324 2.38958e-05 0.583608 2.89591 0 0.00147678 105.396 1.02197 0.000283021 6.55034e-05 0.685371 0 3.2315e-05 1.10519 86.4018 0.0334623 -1.09931e-152 0.317922 0.0702538 1.08826
0.00094 0.233333 3.47018 0.00184294 2.3531e-05 0.583473 4.15641 0 0.00144787 105.58 1.00083 0.00027849 6.51801e-05 0.674908 0 2.43437e-05 1.46683 86.4018 0.0334523 -1.61722e-197 0.317922 0.0604674 1.08858
0.00091 0.233333 3.40653 0.00185506 2.32191e-05 0.58334 5.39865 0 0.00142026 105.812 0.979715 0.000274782 6.5195e-05 0.665982 0 2.02886e-05 1.75988 86.4018 0.0334421 1.41547e-235 0.317922 0.0550339 1.08891
0.00088 0.233333 3.34443 0.00186851 2.29384e-05 0.583209 6.65433 0 0.0013934 106.069 0.958635 0.000271612 6.5367e-05 0.658062 0 1.78733e-05 1.99763 86.4018 0.0334319 3.54271e-258 0.317922 0.051648 1.08925
0.00085 0.233333 3.28454 0.00188305 2.27097e-05 0.58308 7.9448 0 0.00136756 106.347 0.937276 0.000268805 6.56332e-05 0.651328 0 1.6335e-05 2.18572 86.4018 0.0334217 -7.73185e-308 0.317922 0.049488 1.08958
0.00082 0.233333 3.22612 0.00189841 2.2511e-05 0.582952 9.28 0 0.00134235 106.639 0.915847 0.000266271 6.59671e-05 0.645716 0 1.53062e-05 2.33257 86.4018 0.0334115 -1.4822e-323 0.317922 0.0480901 1.08991
0.00079 0.233333 3.16739 0.00191424 2.22968e-05 0.582825 10.6788 0 0.00131704 106.939 0.894647 0.000264038 6.63624e-05 0.639678 0 1.4592e-05 2.44667 86.4018 0.0334013 -1.4822e-323 0.317922 0.0471744 1.09024
0.00076 0.233333 3.1076 0.00193034 2.20408e-05 0.582699 12.1678 0 0.00129121 107.243 0.873822 0.000262124 6.68174e-05 0.632431 0 1.40925e-05 2.53331 86.4018 0.0333912 -1.4822e-323 0.317922 0.0465956 1.09057
0.00073 0.233333 3.04502 0.00194646 2.17125e-05 0.582575 13.7969 0 0.00126438 107.547 0.853716 0.00026064 6.73406e-05 0.622846 0 1.37552e-05 2.59542 86.4018 0.0333812 -1.4822e-323 0.317922 0.0462801 1.0909
0.0007 0.233333 2.98124 0.00196272 2.13368e-05 0.582451 15.6292 0 0.00123693 107.852 0.833938 0.000259629 6.79375e-05 0.613419 0 1.3582e-05 2.62861 86.4018 0.0333712 -1.4822e-323 0.317922 0.0462815 1.09123
0.00067 0.233333 2.9188 0.00197964 2.09956e-05 0.582327 17.7482 0 0.00121016 108.169 0.814163 0.000259168 6.86176e-05 0.602205 0 1.36265e-05 2.62021 86.4018 0.0333612 -1.4822e-323 0.317922 0.0467954 1.09156
0.00064 0.233333 2.86365 0.0019983 2.08523e-05 0.582204 20.2136 0 0.00118668 108.516 0.793086 0.000259098 6.93715e-05 0.597635 0 1.39874e-05 2.55286 86.4018 0.0333512 -1.4822e-323 0.317922 0.0481544 1.09188
0.00061 0.233333 2.81675 0.00201892 2.09246e-05 0.58208 23.0165 0 0.00116676 108.897 0.770584 0.000259174 7.01805e-05 0.600043 0 1.46537e-05 2.43699 86.4018 0.0333412 -1.4822e-323 0.317922 0.0503512 1.09221
0.00058 0.233333 2.7717 0.00204046 2.10428e-05 0.581956 26.215 0 0.00114776 109.293 0.747983 0.00025987 7.10939e-05 0.60328 0 1.55336e-05 2.2991 86.4018 0.0333312 9.88131e-324 0.317922 0.0530947 1.09254
0.00055 0.233333 2.73 0.00206308 2.12271e-05 0.581831 30.1427 0 0.00113 109.707 0.724978 0.000262606 7.22606e-05 0.608853 0 1.67967e-05 2.12648 86.4018 0.0333213 9.88131e-324 0.317922 0.0568605 1.09286
0.00052 0.233333 2.70093 0.0020889 2.17561e-05 0.581704 34.8544 0 0.00111796 110.176 0.699959 0.000265787 7.35409e-05 0.624038 0 1.86995e-05 1.91025 86.4018 0.0333114 9.88131e-324 0.317922 0.0623871 1.09319
0.00049 0.233333 2.69856 0.00212092 2.29977e-05 0.581571 42.0354 0 0.00111769 110.752 0.670422 0.000278789 7.59537e-05 0.659605 0 2.24883e-05 1.58903 86.4018 0.0333013 9.88131e-324 0.317922 0.073197 1.09352
0.00046 0.233333 2.50971 0.00211477 1.91453e-05 0.581447 47.3267 0 0.00103561 110.657 0.674984 0.000269576 7.60593e-05 0.549078 0 2.02047e-05 1.76956 86.4018 0.0332925 9.88131e-324 0.317922 0.0651357 1.09381
0.00043 0.233333 2.88454 0.00223034 3.04081e-05 0.581321 49.2539 0 0.00119991 112.681 0.581297 0.000243842 7.44108e-05 0.876486 0 3.19841e-05 1.10754 86.4018 0.0332803 9.88131e-324 0.317922 0.100162 1.09421
0.0004 0.233333 0.183624 0.843756 0.028612 2.42926e-05 82.1519 0 2.94526 0.0431973 0.0186516 0.44506 5.46868 0.140385 0 0.0405471 2.90768e-05 81.8427 23.7403 0 0.450616 16.284 0.000398819
0.00037 0.233333 0.183623 0.843756 0.0285789 2.42691e-05 89.4439 0 2.94526 0.0426709 0.0186519 0.335857 6.23261 0.127393 0 0.125277 9.55156e-06 82.11 22.4668 0 0.456209 22.6861 0.000416312
0.00034 0.233333 0.183627 0.843756 0.0287099 2.4693e-05 96.7175 0 2.94526 0.0418026 0.0186536 0.336833 6.23261 0.127498 0 0.206233 5.87214e-06 82.4216 20.963 0 0.455953 27.0187 0.000437113
0.00031 0.233333 0.183633 0.843756 0.028847 2.51791e-05 103.978 0 2.94526 0.0411555 0.0186552 0.338443 6.23261 0.152613 0 0.264024 4.63192e-06 82.5931 20.1278 0 0.455859 29.9406 0.000448272
0.00028 0.233333 0.18364 0.843756 0.0289731 2.56781e-05 111.228 0 2.94525 0.0407859 0.0186568 0.339995 6.23261 0.127481 0 0.300006 4.10973e-06 82.6919 19.6437 0 0.455884 31.9031 0.000455295
0.00025 0.233333 0.183646 0.843756 0.0290861 2.61782e-05 118.469 0 2.94525 0.0406008 0.0186582 0.341401 6.23261 0.1275 0 0.321797 3.85821e-06 82.7567 19.3257 0 0.455891 33.2722 0.000460806
0.00022 0.233333 0.183653 0.843756 0.0291869 2.66759e-05 125.703 0 2.94525 0.0405136 0.0186596 0.342657 6.23261 0.127511 0 0.335551 3.72254e-06 82.8034 19.0957 0 0.455868 34.2776 0.000465483
0.00019 0.233333 0.18366 0.843756 0.0292768 2.71706e-05 132.929 0 2.94525 0.0404731 0.0186609 0.343777 6.23261 0.127523 0 0.344872 3.64129e-06 82.839 18.92 0 0.45583 35.0488 0.000469474
0.00016 0.233333 0.183667 0.843756 0.0293573 2.76622e-05 140.15 0 2.94525 0.0404537 0.0186623 0.344777 6.23261 0.127533 0 0.351643 3.58817e-06 82.867 18.7817 0 0.455787 35.6579 0.000472846
0.00013 0.233333 0.183675 0.843756 0.0294296 2.81511e-05 147.366 0 2.94525 0.0404437 0.0186636 0.345675 6.23261 0.127543 0 0.356817 3.55121e-06 82.8894 18.6712 0 0.455746 36.147 0.000475674
0.0001 0.233333 0.183682 0.843756 0.0294948 2.86379e-05 154.576 0 2.94525 0.0404378 0.018665 0.346482 6.23261 0.127553 0 0.3609 3.52455e-06 82.9074 18.582 0 0.455709 36.5435 0.000478039

