0.0001 0.233333 0.183689 0.843756 0.0295537 2.91229e-05 161.783 0 2.94525 0.040434 0.0186663 0.347211 6.23261 0.127561 0 0.364161 3.50518e-06 82.9214 18.5128 0 0.455688 36.8646 0.000479775
0.00013 0.233333 0.183697 0.843756 0.0296071 2.96065e-05 168.985 0 2.94525 0.0404311 0.0186677 0.347871 6.23261 0.127567 0 0.366763 3.4914e-06 82.9319 18.461 0 0.455684 37.1224 0.000480931
0.00016 0.233333 0.183704 0.843756 0.0296557 3.00891e-05 176.184 0 2.94525 0.0404289 0.0186691 0.34847 6.23261 0.127576 0 0.368831 3.48195e-06 82.94 18.4207 0 0.455685 37.3279 0.000481797
0.00019 0.233333 0.183711 0.843756 0.0296999 3.0571e-05 183.38 0 2.94525 0.0404272 0.0186705 0.349015 6.23261 0.127584 0 0.370469 3.47588e-06 82.9463 18.3897 0 0.455689 37.4909 0.000482429
0.00022 0.233333 0.183719 0.843756 0.0297403 3.10525e-05 190.572 0 2.94525 0.0404258 0.0186719 0.349512 6.23261 0.12759 0 0.371757 3.47244e-06 82.951 18.3661 0 0.455694 37.6191 0.000482874
0.00025 0.233333 0.183727 0.843756 0.0297773 3.15338e-05 197.762 0 2.94525 0.0404247 0.0186733 0.349967 6.23261 0.127596 0 0.37276 3.47107e-06 82.9546 18.3485 0 0.455701 37.7189 0.000483166
0.00028 0.233333 0.183734 0.843756 0.0298111 3.2015e-05 204.949 0 2.94525 0.0404239 0.0186748 0.350383 6.23261 0.127602 0 0.373532 3.47132e-06 82.9572 18.3357 0 0.45571 37.7957 0.000483335
0.00031 0.233333 0.183742 0.843756 0.0298422 3.24964e-05 212.133 0 2.94525 0.0404233 0.0186762 0.350764 6.23261 0.127608 0 0.374115 3.47284e-06 82.959 18.3268 0 0.45572 37.8538 0.000483405
0.00034 0.233333 0.18375 0.843756 0.0298707 3.29782e-05 219.315 0 2.94525 0.040423 0.0186776 0.351114 6.23261 0.127611 0 0.374546 3.47534e-06 82.9601 18.321 0 0.45573 37.8965 0.000483395
0.00037 0.233333 0.183758 0.843756 0.0298969 3.34603e-05 226.495 0 2.94525 0.0404228 0.0186791 0.351435 6.23261 0.127619 0 0.374853 3.4786e-06 82.9608 18.3177 0 0.455741 37.927 0.000483321
0.0004 0.233333 0.183766 0.843756 0.029921 3.39431e-05 233.674 0 2.94525 0.0404228 0.0186806 0.351731 6.23261 0.127624 0 0.37506 3.48243e-06 82.961 18.3165 0 0.455753 37.9474 0.000483196
0.00043 0.233333 0.183774 0.843756 0.0299432 3.44265e-05 240.85 0 2.94525 0.040423 0.0186821 0.352003 6.23261 0.127623 0 0.375185 3.48669e-06 82.961 18.3169 0 0.455765 37.9597 0.00048303
0.00046 0.233333 0.183782 0.843756 0.0299636 3.49107e-05 248.024 0 2.94525 0.0404233 0.0186836 0.352253 6.23261 0.127633 0 0.375245 3.49127e-06 82.9606 18.3186 0 0.455777 37.9656 0.000482831
0.00049 0.233333 0.18379 0.843756 0.0299823 3.53957e-05 255.197 0 2.94525 0.0404237 0.0186851 0.352483 6.23261 0.127636 0 0.375253 3.49607e-06 82.9601 18.3214 0 0.455789 37.9661 0.000482606
0.00052 0.233333 0.183798 0.843756 0.0299996 3.58817e-05 262.368 0 2.94525 0.0404243 0.0186866 0.352695 6.23261 0.127642 0 0.375219 3.50102e-06 82.9593 18.325 0 0.455802 37.9626 0.000482362
0.00055 0.233333 0.183806 0.843756 0.0300155 3.63687e-05 269.537 0 2.94525 0.040425 0.0186881 0.35289 6.23261 0.127647 0 0.375151 3.50605e-06 82.9585 18.3293 0 0.455814 37.9556 0.000482101
0.00058 0.233333 0.183814 0.843756 0.0300301 3.68568e-05 276.706 0 2.94525 0.0404258 0.0186897 0.35307 6.23261 0.127651 0 0.375057 3.51113e-06 82.9575 18.3341 0 0.455827 37.946 0.000481829
0.00061 0.233333 0.183823 0.843756 0.0300436 3.7346e-05 283.872 0 2.94525 0.0404268 0.0186913 0.353234 6.23261 0.127655 0 0.374942 3.51622e-06 82.9564 18.3393 0 0.45584 37.9344 0.000481547
0.00064 0.233333 0.183831 0.843756 0.0300559 3.78365e-05 291.038 0 2.94525 0.0404278 0.0186928 0.353386 6.23261 0.127659 0 0.374811 3.52129e-06 82.9553 18.3448 0 0.455852 37.9211 0.000481259
0.00067 0.233333 0.18384 0.843756 0.0300672 3.83282e-05 298.202 0 2.94525 0.0404289 0.0186944 0.353525 6.23261 0.127663 0 0.374667 3.52632e-06 82.9542 18.3506 0 0.455865 37.9065 0.000480966
0.0007 0.233333 0.183848 0.843756 0.0300775 3.88212e-05 305.365 0 2.94525 0.0404301 0.018696 0.353652 6.23261 0.127667 0 0.374513 3.53129e-06 82.953 18.3565 0 0.455878 37.891 0.00048067
0.00073 0.233333 0.183857 0.843756 0.0300869 3.93155e-05 312.527 0 2.94525 0.0404313 0.0186976 0.353768 6.23261 0.12767 0 0.374352 3.53619e-06 82.9517 18.3626 0 0.45589 37.8748 0.000480372
0.00076 0.233333 0.183866 0.843756 0.0300955 3.98112e-05 319.688 0 2.94525 0.0404327 0.0186993 0.353874 6.23261 0.127674 0 0.374186 3.54102e-06 82.9505 18.3688 0 0.455903 37.858 0.000480072
0.00079 0.233333 0.183875 0.843756 0.0301033 4.03084e-05 326.848 0 2.94525 0.0404341 0.0187009 0.35397 6.23261 0.127678 0 0.374016 3.54576e-06 82.9492 18.375 0 0.455915 37.8409 0.000479772
0.00082 0.233333 0.183883 0.843756 0.0301104 4.08071e-05 334.007 0 2.94525 0.0404356 0.0187025 0.354057 6.23261 0.127682 0 0.373843 3.55042e-06 82.948 18.3813 0 0.455928 37.8235 0.000479473
0.00085 0.233333 0.183892 0.843756 0.0301167 4.13072e-05 341.165 0 2.94525 0.0404372 0.0187042 0.354136 6.23261 0.127685 0 0.373669 3.55498e-06 82.9467 18.3876 0 0.45594 37.806 0.000479174
0.00088 0.233333 0.183901 0.843756 0.0301224 4.18089e-05 348.322 0 2.94525 0.0404388 0.0187059 0.354207 6.23261 0.127689 0 0.373495 3.55946e-06 82.9454 18.3939 0 0.455952 37.7884 0.000478877
0.00091 0.233333 0.18391 0.843756 0.0301275 4.23122e-05 355.478 0 2.94525 0.0404405 0.0187076 0.35427 6.23261 0.127692 0 0.37332 3.56384e-06 82.9442 18.4001 0 0.455965 37.7708 0.00047858
0.00094 0.233333 0.18392 0.843756 0.030132 4.28171e-05 362.633 0 2.94525 0.0404423 0.0187093 0.354326 6.23261 0.127695 0 0.373145 3.56814e-06 82.9429 18.4064 0 0.455977 37.7532 0.000478286
0.00097 0.233333 0.183929 0.843756 0.0301359 4.33236e-05 369.788 0 2.94525 0.0404441 0.018711 0.354376 6.23261 0.127699 0 0.372971 3.57235e-06 82.9417 18.4126 0 0.455989 37.7357 0.000477993
0.001 0.233333 0.183938 0.843756 0.0301393 4.38318e-05 376.942 0 2.94525 0.040446 0.0187127 0.354419 6.23261 0.127702 0 0.372799 3.57647e-06 82.9404 18.4188 0 0.456001 37.7183 0.000477702
