0.1570319692834507
0.0009521800119716372
0.0004157614949759142
0.02527676843281258
0.0001570877549311276
0.0001338994525513968
0.005897225002059054
3.646753609977489e-05
3.11054285362681e-05
0.0004561293654515543
2.926350835666011e-06
2.135764394267694e-06
0.03352735637835007
3.108244545318987e-08
8.876671303244388e-05
0.005488338907650138
5.891380106478354e-06
2.869554149439535e-05
0.001280241573836044
1.288180104846378e-06
6.666095715888858e-06
9.954425189229586e-05
1.331642290456324e-06
6.235040786916309e-07
0.07386698657874552
6.380294610010492e-08
0.0001955698280085323
0.01205660417600747
3.034602340552009e-06
6.322152204320566e-05
0.002812869922979321
6.212796688068503e-07
1.468662709791977e-05
0.0002161016524847096
1.646010042664425e-06
1.373679350456288e-06
2.242407108188914e-06
9.367166714606004e-09
5.596738963514052e-09
8.12942748673423e-05
2.328652135560758e-09
1.13757365021229e-07
1.885528626698773e-05
5.376009294046011e-10
2.642900352331689e-08
5.505625708801654e-05
4.57736000479117e-09
-8.975191301647591e-08
0.04991012571650015
4.30953599815139e-08
0.0001321417756789927
0.008146242077453517
2.023200709735237e-06
4.271724405111316e-05
0.001900562957363628
4.136829799084539e-07
9.923396554752927e-06
0.0001460043670121997
1.103760294991948e-06
9.281616278736394e-07
1.514671545235833e-06
6.329151271422381e-09
3.780811131694847e-09
5.474511307433511e-05
1.568372550003756e-09
7.680310388125389e-08
1.269795819868105e-05
3.620875927887146e-10
1.784349638957495e-08
3.687356911954665e-05
3.064226975444094e-09
-6.047459141995311e-08
3.23814143772362e-06
1.394105202068294e-08
8.166916009829034e-09
8.272046307906714e-05
2.386982869312865e-09
1.564949571809471e-07
1.929534173727042e-05
5.532631305165323e-10
3.635767497549071e-08
4.385077207437409e-05
6.963109273411733e-10
-1.067924377792127e-07
4.908789418840789e-07
7.94499926594137e-13
1.299626400145086e-09
8.269879625858166e-08
1.565941297895263e-10
4.229447626467414e-10
1.928916902283579e-08
3.522830656670475e-11
9.825142374990763e-11
1.757045462627649e-08
6.413009494253385e-10
2.589124490464677e-11
7.766827027088034e-06
3.347621602875761e-08
1.959377816669499e-08
0.0001966641139472238
5.705310714658027e-09
3.744813884133009e-07
4.587799279010569e-05
1.322452903622748e-09
8.700132978057031e-08
0.000103543229587156
1.520976190526513e-09
-2.548032785660168e-07
1.178735016943444e-06
1.900348408072342e-12
3.120760110587129e-09
1.985096710189668e-07
3.674581568912049e-10
1.015588519663225e-09
4.630190229157967e-08
8.263482974194233e-11
2.359244704823803e-10
4.177272771442024e-08
1.539289792850226e-09
6.206448228898114e-11
2.596968109393629e-06
3.855458332192906e-12
6.875621629040601e-09
4.348145708562002e-07
3.276172910096589e-10
2.237309868685455e-09
1.014423115373061e-07
7.328421572097379e-11
5.197342920093975e-10
7.825665383512677e-08
3.257737487654904e-09
1.354228740887573e-10
1.354200199940616e-10
3.321903028053691e-13
2.832190303494795e-13
1.044000339024835e-08
4.090831281322652e-13
7.943122352719237e-12
2.428700977720197e-09
9.509605740384715e-14
1.851916800770148e-12
1.140876235436847e-07
2.266661063563969e-12
-2.50955918165872e-10

0.00123983359382434
0.0002181141040730926
5.088754162259541e-05
-3.032124716786059e-06
0.0002646402353919112
4.284047015139796e-05
9.994941059373042e-06
7.423664266649771e-07
0.0005830523850914298
9.437985491120566e-05
2.201939914350247e-05
1.634981871797912e-06
1.701652829411405e-08
3.125290608957027e-07
7.290792892436692e-08

0.0007622209085193889
4.620374069075985e-06
2.01797723018815e-06
0.000141719600607275
7.625826484312922e-07
6.889993903932983e-07
3.306380614201435e-05
1.770318201825784e-07
1.600583456556961e-07
1.142009042967571e-05
1.436722951829127e-08
-1.528137790365807e-08
0.0001626887007076808
1.542105157112228e-10
4.307329514153289e-07
2.664349054395188e-05
3.046377485636656e-08
1.392440313896218e-07
6.215013602164948e-06
6.68012794025783e-09
3.234697785054094e-08
4.879199297453653e-07
3.199979659580192e-07
3.029971192184137e-09
0.0003584334428552856
3.195221283407019e-10
9.489860151388696e-07
5.854482824216817e-05
2.020374132669561e-08
3.067802011443628e-07
1.365879577923292e-05
4.26267467354212e-09
7.126633946603828e-08
1.059817076647598e-06
1.08141411348658e-06
6.675492119615798e-09
1.123114156177865e-08
4.546329875658199e-11
2.757602731356954e-11
5.776304443183382e-07
1.394420519669751e-11
5.647840326594832e-10
1.332059399145177e-07
3.224507027352656e-12
1.315031992686352e-10
3.945219534064461e-05
3.718180173093107e-11
-1.174706520385198e-08

0.2554412169971089
0.04106648951495297
0.009581066898897296
0.0006084262438120946
0.05453783639667743
0.008828237060208131
0.002059681171289004
0.0001524608743656717
0.120157145966151
0.0194488729810862
0.004537541445958785
0.0003357703881945614
3.445842910092272e-06
5.681694508726193e-05
1.32565108257193e-05
-4.325571056795693e-05
0.08118726077222627
0.01314112585580362
0.003065905328975788
0.0002268714438410407
2.32778098987296e-06
3.834884611265253e-05
8.947538649834981e-06
-2.891359163118177e-05
5.024537190010006e-06
7.583588355611799e-05
1.769380815194924e-05
-3.040394219783909e-05
7.984859632761324e-07
1.308383833744335e-07
3.052513710157029e-08
1.144686968479079e-08
1.205450971422881e-05
0.0001813637164037852
4.231524393556541e-05
-7.148985745986939e-05
1.917384196899848e-06
3.141670331154525e-07
7.329647391992188e-08
2.741883187420909e-08
4.224357687700879e-06
6.919492625055324e-07
1.614347452760323e-07
5.91858122155245e-08
1.84046384272689e-10
5.813779588374857e-09
1.35950148301664e-09
-1.180057292605873e-07

1.698173571274891e-23
6.021680374618556e-19
7.979884642904237e-16
3.473584857356494e-12
3.018044552215079e-10
2.932853385993908e-07
1.209332872445219e-05
0.005406833129059939
9.942786747308086e-20
7.979974933078292e-18
4.674375453555948e-12
4.532935153737971e-11
1.768431081453712e-06
3.830685855768393e-06
0.07086312152677735

7.269693368626566e-23
5.984504285038145e-18
3.416106665170712e-15
3.45825728356626e-11
1.291994567985463e-09
2.921371713984671e-06
5.177121525665351e-05
0.05388365329516397
1.000819054988858e-18
1.031302134736903e-17
4.705163364220848e-11
5.556890157902996e-11
1.78008282267098e-05
4.64489413691743e-06
0.7133005288747104
0.08455641814381319
8.702171812118934e-22
8.351532918716291e-21
4.089755283292516e-14
4.750818369166495e-14
1.54685781568543e-08
3.999555583956803e-09
0.000619842468705841
7.347213733915259e-05
7.345129572869169e-24
9.604042289100178e-18
3.102629746387727e-16
1.069589849554342e-11
1.130006893820206e-10
4.492602179245395e-07
4.491582690332919e-06
3.767617933191202e-05
1.844526704623172e-23
5.848495963039216e-19
8.646658436362414e-16
9.934917824554351e-13
3.267949040774069e-10
4.486285875937943e-08
1.309317610484312e-05
0.000111981009351081
2.18200935320447e-22
2.243866557918831e-19
7.520520685673265e-15
3.012190152094178e-13
2.734782538837303e-09
1.50606155233431e-08
0.0001088255528121461
8.907458636127702e-05

0.04092703108390422
1.374538439282136e-06
1.567553936388156e-06
0.001668030842328217
1.154232290904954e-06
6.762717314294517e-08
1.09414445921688e-06
5.095063773287803e-08
3.333409881411377e-11
2.908316891571853e-08
1.633723978247661e-11

0.3593391601555074
3.448446509711351e-06
1.376314427803855e-05
0.01459819047401503
8.701711211337895e-06
5.880944217296651e-07
7.110706905352341e-06
3.701477162541747e-07
2.112683729243096e-10
1.843755165307695e-07
9.729940035376234e-11
6.837415836146426e-12
0.5832215508704948
6.829639245315053e-06
2.234942174143769e-05
2.165183188105744e-05
1.370927844913779e-05
7.46786204010804e-10
1.005016438502778e-05
4.575409817550426e-10
2.848517567430002e-10
1.921547631968445e-10
1.137364673382194e-10
6.406992828161947e-15
9.998305629393397e-05
6.031469644646971e-06
3.806332038024872e-09
2.5908559579725e-05
3.708756722081177e-09
9.142838016847407e-10
6.462973249081965e-09
7.6143223718956e-10
2.370792496830773e-13
5.785682428894357e-10
1.943704312281402e-13
2.56236597165069e-14

qh= 0.003949486419165934
npsi= 90.68129265820457
nnad= 6.642281234318526e-06
nnadc= 0.5
npyr= 0.6753539584061167
nsuc= 36.6887025246559
nfum= 6.303869659207822
nfumc= 0.03121807460848089
noaa= 38.02997525055425
noaac= 4.950750549772149e-05
ncit= 89.58330703603325
nakgm= 76.53814405019905
nakgc= 0.378732417875401
nglum= 2.744635409934097e-05
nglu= 0.01319827943780221
ngluo= 0.1590388770823705
naspm= 0.1779119407225311
naspc= 0.01
nca= 0
nc1ros= 0.001184251844877268
nc2ros= 0.001184251844877268
nc3ros= 0.0001325079019369238
nk_i= 145.401426115874
npsio= 86.40961566159378
nNa_i= 0.0009071272607722393
nAdp= 0.04523440150015176
nAtp= 20.05476559849995
neo= 0.01225714115676684
nei= 0.9877428588424372
nlac= 0.6709886479761988
