Time(min) prod sp3 fsc2 qsc2 fum Bypass qh psi fc1 ROS_c2 ROS_c3 fc2 [Ca²⁺]μM Glu_m OAAm psio Na_i OAAc Glu_o Glu_i ATP
0.02 4.22811 0.000880087 0.000105141 0.583794 0.000429298 0 0.00991846 82.322 1.00371 2.93365e-06 9.40855e-06 0.50157 0 6.95248e-07 0.0161341 86.2621 1.25186 0 0.00155086 0.0493018 0.980604
0.04 2.04294 0.00114684 7.62742e-05 0.583827 0.000345045 0 0.00537805 90.1485 0.568121 3.43342e-06 9.44045e-06 0.358422 0 2.01184e-06 0.0230275 86.3021 0.348604 0 0.00170206 0.0989737 1.04181
0.06 1.5495 0.00127634 6.12236e-05 0.583843 0.000307674 0 0.00409547 93.4446 0.438859 3.81352e-06 9.47266e-06 0.285668 0 4.33183e-06 0.0293956 86.3142 0.146928 0 0.00188472 0.148568 1.05709
0.08 1.43355 0.00129734 5.38142e-05 0.58385 0.00029693 0 0.00378445 93.9659 0.401599 4.13322e-06 9.5041e-06 0.251898 0 8.03035e-06 0.0341094 86.3219 0.104276 0 0.00210667 0.198044 1.06015
0.1 1.40678 0.00129595 5.00269e-05 0.583854 0.000300797 0 0.003696 93.9403 0.420744 4.42289e-06 9.53482e-06 0.238502 0 1.3462e-05 0.0373454 86.3287 0.0955343 0 0.0023813 0.247345 1.06071
0.12 1.39239 0.00129271 4.78534e-05 0.583856 0.00031249 0 0.0036616 93.8667 0.434865 4.69648e-06 9.5651e-06 0.22766 0 2.0879e-05 0.0396949 86.3352 0.0936066 0 0.00272917 0.2964 1.0608
0.14 1.38351 0.00129022 4.63883e-05 0.583857 0.000328556 0 0.00364223 93.8099 0.439349 4.96012e-06 9.5951e-06 0.218909 0 3.03863e-05 0.0416016 86.3416 0.0929866 0 0.00318291 0.345113 1.06082
0.16 1.38067 0.00128841 4.52499e-05 0.583859 0.000347373 0 0.00362775 93.7684 0.439551 5.21654e-06 9.62492e-06 0.216072 0 4.20627e-05 0.0433012 86.3479 0.0925316 0 0.00379609 0.393359 1.06082
0.18 1.37598 0.00128708 4.42764e-05 0.583859 0.000368188 0 0.00361472 93.738 0.441479 5.46713e-06 9.6546e-06 0.211089 0 5.59152e-05 0.0449054 86.3541 0.0919073 0 0.00466312 0.440957 1.06084
0.2 1.37116 0.00128622 4.34123e-05 0.58386 0.000390752 0 0.00360167 93.719 0.442805 5.71258e-06 9.68415e-06 0.206718 0 7.18979e-05 0.0464499 86.3602 0.090907 0 0.00597651 0.48761 1.06089
0.22 1.36613 0.00128609 4.26357e-05 0.583861 0.0004151 0 0.00358689 93.7171 0.443377 5.95344e-06 9.71359e-06 0.203163 0 8.99414e-05 0.0479462 86.3665 0.0891595 0 0.00809796 0.53282 1.06098
0.24 1.35926 0.0012873 4.19344e-05 0.583861 0.000441162 0 0.0035671 93.7477 0.442769 6.19019e-06 9.74296e-06 0.199946 0 0.000109812 0.0493985 86.373 0.0858571 0 0.0117793 0.575648 1.06116
0.26 1.34977 0.00129111 4.13007e-05 0.583862 0.000469252 0 0.00353621 93.8406 0.440509 6.4232e-06 9.77227e-06 0.197309 0 0.000131105 0.0508063 86.3803 0.0795097 0 0.0184684 0.614358 1.06152
0.28 1.31724 0.00129864 4.07195e-05 0.583863 0.00049985 0 0.00348858 94.0226 0.426439 6.65283e-06 9.80157e-06 0.192534 0 0.000153096 0.0521807 86.3878 0.0690183 0 0.0300408 0.646626 1.06213
0.3 1.3047 0.00130915 4.01686e-05 0.583863 0.000533615 0 0.00342762 94.2746 0.426275 6.87929e-06 9.83088e-06 0.190999 0 0.000174946 0.0535458 86.3944 0.0556668 0 0.0474038 0.670977 1.06294
0.32 1.28611 0.00131778 3.96305e-05 0.583863 0.000570734 0 0.00337503 94.4809 0.401775 7.10272e-06 9.86023e-06 0.187973 0 0.000196328 0.0549207 86.3972 0.0452718 0 0.0683035 0.689168 1.06363
0.34 1.28161 0.00132176 3.91115e-05 0.583864 0.000610667 0 0.00334495 94.5759 0.417237 7.32319e-06 9.88957e-06 0.186519 0 0.000217295 0.0562976 86.3993 0.0395553 0 0.0899021 0.703796 1.064
0.36 1.27425 0.00132283 3.86328e-05 0.583864 0.00065246 0 0.00332947 94.6024 0.421445 7.54086e-06 9.91886e-06 0.183905 0 0.00023804 0.0576425 86.3998 0.0369109 0 0.110611 0.716427 1.06416
0.38 1.27114 0.00132282 3.82173e-05 0.583865 0.000695522 0 0.00332055 94.6028 0.452707 7.75602e-06 9.9481e-06 0.181741 0 0.00025868 0.0589163 86.4002 0.0356353 0 0.129806 0.727797 1.06424
0.4 1.27041 0.00132229 3.78774e-05 0.583865 0.00073942 0 0.00331576 94.5908 0.400211 7.96905e-06 9.97728e-06 0.180847 0 0.000279317 0.060093 86.4003 0.0349456 0 0.147385 0.738156 1.06428
0.42 1.2692 0.0013216 3.76159e-05 0.583865 0.000783854 0 0.00331343 94.5751 0.420292 8.18039e-06 1.00064e-05 0.178973 0 0.00029997 0.0611602 86.4005 0.0346416 0 0.163424 0.747582 1.06429
0.44 1.26927 0.00132091 3.74317e-05 0.583865 0.000828472 0 0.00331297 94.559 0.421698 8.39048e-06 1.00355e-05 0.178374 0 0.00032065 0.0621117 86.4005 0.0345161 0 0.177996 0.756144 1.06429
0.46 1.26927 0.00132033 3.73222e-05 0.583865 0.000873077 0 0.00331376 94.5454 0.421698 8.59975e-06 1.00646e-05 0.178374 0 0.000341356 0.0629458 86.4005 0.0344592 0 0.191212 0.763873 1.06429
0.48 1.26993 0.00131991 3.72825e-05 0.583865 0.000917589 0 0.00331541 94.5356 0.421084 8.80861e-06 1.00936e-05 0.178239 0 0.000362059 0.0636662 86.4006 0.0344131 0 0.203188 0.770782 1.06429
0.5 1.27099 0.00131967 3.7306e-05 0.583865 0.000961979 0 0.00331777 94.5297 0.421719 9.01741e-06 1.01227e-05 0.178501 0 0.000382711 0.0642808 86.4006 0.0343645 0 0.214039 0.776882 1.06429
0.52 1.2724 0.00131957 3.73847e-05 0.583865 0.00100624 0 0.0033208 94.527 0.421926 9.2265e-06 1.01518e-05 0.179099 0 0.000403246 0.0648015 86.4006 0.0343248 0 0.22387 0.782182 1.06429
0.54 1.27402 0.00131958 3.75106e-05 0.583865 0.00105038 0 0.00332441 94.527 0.421845 9.43618e-06 1.01809e-05 0.179972 0 0.000423587 0.0652414 86.4006 0.0342986 0 0.232777 0.786697 1.06429
0.56 1.27579 0.0013197 3.76755e-05 0.583864 0.0010945 0 0.00332849 94.5293 0.42196 9.64667e-06 1.021e-05 0.181075 0 0.000443653 0.0656144 86.4006 0.0342828 0 0.240846 0.790443 1.06429
0.58 1.27579 0.0013199 3.78716e-05 0.583864 0.00113875 0 0.00333292 94.5336 0.42196 9.85819e-06 1.02391e-05 0.181075 0 0.000463355 0.0659339 86.4007 0.0342725 0 0.248153 0.793441 1.0643
0.6 1.27765 0.00132017 3.80917e-05 0.583864 0.00118326 0 0.00333759 94.5395 0.421608 1.00709e-05 1.02683e-05 0.18234 0 0.000482605 0.0662126 86.4007 0.0342642 0 0.25477 0.795708 1.0643
0.62 1.27962 0.00132051 3.83296e-05 0.583863 0.00122802 0 0.00334241 94.5468 0.421264 1.02849e-05 1.02976e-05 0.183722 0 0.000501316 0.0664618 86.4007 0.0342563 0 0.260761 0.797266 1.0643
0.64 1.28163 0.00132088 3.85796e-05 0.583863 0.00127296 0 0.00334732 94.555 0.421206 1.05002e-05 1.03269e-05 0.185169 0 0.000519407 0.0666915 86.4007 0.0342497 0 0.266184 0.798138 1.0643
0.66 1.28363 0.00132129 3.88369e-05 0.583863 0.00131811 0 0.00335226 94.564 0.420914 1.0717e-05 1.03562e-05 0.186644 0 0.000536798 0.0669104 86.4007 0.0342447 0 0.271093 0.798344 1.06431
0.68 1.28752 0.00132171 3.90972e-05 0.583862 0.00136382 0 0.00335718 94.5734 0.420224 1.09352e-05 1.03856e-05 0.189585 0 0.000553424 0.0671255 86.4007 0.034241 0 0.275536 0.797909 1.06431
0.7 1.28752 0.00132215 3.93578e-05 0.583862 0.00141003 0 0.00336203 94.5831 0.420224 1.11548e-05 1.0415e-05 0.189585 0 0.000569233 0.0673418 86.4007 0.034238 0 0.279553 0.796859 1.06432
0.72 1.28752 0.00132259 3.96152e-05 0.583861 0.00145685 0 0.00336677 94.5929 0.420224 1.13759e-05 1.04445e-05 0.189585 0 0.000584167 0.0675649 86.4007 0.0342352 0 0.283185 0.795216 1.06432
0.74 1.29112 0.00132303 3.9867e-05 0.583861 0.00150402 0 0.00337138 94.6027 0.419544 1.15984e-05 1.0474e-05 0.192332 0 0.000598186 0.0677986 86.4007 0.0342329 0 0.28647 0.793006 1.06432
0.76 1.29112 0.00132346 4.01103e-05 0.583861 0.00155144 0 0.00337581 94.6122 0.419544 1.18223e-05 1.05035e-05 0.192332 0 0.000611246 0.0680475 86.4007 0.0342309 0 0.289443 0.790254 1.06433
0.78 1.29435 0.00132387 4.03435e-05 0.58386 0.00159908 0 0.00338005 94.6214 0.418958 1.20475e-05 1.05331e-05 0.194777 0 0.000623316 0.0683144 86.4007 0.034229 0 0.292137 0.786985 1.06433
0.8 1.29435 0.00132427 4.05665e-05 0.58386 0.00164695 0 0.0033841 94.6302 0.418958 1.2274e-05 1.05628e-05 0.194777 0 0.000634398 0.0685988 86.4007 0.0342274 0 0.294571 0.783225 1.06433
0.82 1.2972 0.00132465 4.07768e-05 0.58386 0.00169496 0 0.00338791 94.6386 0.418564 1.25018e-05 1.05925e-05 0.196961 0 0.000644452 0.0689048 86.4007 0.0342258 0 0.296781 0.779 1.06434
0.84 1.2972 0.001325 4.09758e-05 0.583859 0.00174291 0 0.00339153 94.6465 0.418564 1.27307e-05 1.06222e-05 0.196961 0 0.000653518 0.0692297 86.4007 0.0342245 0 0.298776 0.774335 1.06434
0.86 1.2972 0.00132534 4.1162e-05 0.583859 0.00179075 0 0.00339491 94.6539 0.418564 1.29606e-05 1.0652e-05 0.196961 0 0.000661571 0.0695761 86.4007 0.0342233 0 0.300586 0.769256 1.06434
0.88 1.29964 0.00132565 4.13355e-05 0.583859 0.00183825 0 0.00339807 94.6608 0.418092 1.31916e-05 1.06818e-05 0.198816 0 0.000668631 0.0699434 86.4007 0.0342223 0 0.302224 0.763788 1.06434
0.9 1.29964 0.00132593 4.14965e-05 0.583859 0.0018852 0 0.003401 94.6672 0.418092 1.34236e-05 1.07116e-05 0.198816 0 0.000674716 0.0703312 86.4007 0.0342214 0 0.303707 0.757959 1.06435
0.92 1.30166 0.0013262 4.16446e-05 0.583858 0.00193145 0 0.00340371 94.673 0.417768 1.36564e-05 1.07415e-05 0.200337 0 0.000679831 0.07074 86.4007 0.0342206 0 0.305053 0.751791 1.06435
0.94 1.30166 0.00132644 4.17804e-05 0.583858 0.00197678 0 0.0034062 94.6784 0.417768 1.389e-05 1.07714e-05 0.200337 0 0.000684015 0.0711689 86.4007 0.0342199 0 0.306271 0.745312 1.06435
0.96 1.30166 0.00132666 4.19039e-05 0.583858 0.00202097 0 0.00340848 94.6833 0.417768 1.41243e-05 1.08013e-05 0.200337 0 0.000687292 0.0716178 86.4007 0.0342193 0 0.307376 0.738545 1.06435
0.98 1.30324 0.00132686 4.20154e-05 0.583858 0.00206399 0 0.00341054 94.6877 0.417511 1.43593e-05 1.08312e-05 0.201507 0 0.000689695 0.0720862 86.4007 0.0342188 0 0.308378 0.731513 1.06435
1 1.30324 0.00132703 4.21155e-05 0.583857 0.00210572 0 0.0034124 94.6916 0.417511 1.45948e-05 1.08612e-05 0.201507 0 0.000691262 0.0725733 86.4007 0.0342183 0 0.309284 0.724242 1.06436
1.02 1.30528 0.00132719 4.22043e-05 0.583857 0.00214601 0 0.00341405 94.695 0.417218 1.48309e-05 1.08912e-05 0.202963 0 0.000692028 0.0730788 86.4007 0.0342178 0 0.310106 0.716753 1.06436
1.04 1.30528 0.00132733 4.2282e-05 0.583857 0.00218472 0 0.00341551 94.698 0.417218 1.50675e-05 1.09212e-05 0.202963 0 0.00069202 0.0736024 86.4007 0.0342174 0 0.310852 0.709068 1.06436
1.06 1.30528 0.00132744 4.23492e-05 0.583857 0.00222176 0 0.00341679 94.7006 0.417218 1.53045e-05 1.09512e-05 0.202963 0 0.000691277 0.0741435 86.4007 0.034217 0 0.311529 0.70121 1.06436
1.08 1.30528 0.00132754 4.24062e-05 0.583857 0.00225703 0 0.00341787 94.7028 0.417218 1.55418e-05 1.09812e-05 0.202963 0 0.000689837 0.0747017 86.4007 0.0342167 0 0.312144 0.6932 1.06436
1.1 1.30528 0.00132762 4.24533e-05 0.583856 0.00229042 0 0.00341879 94.7046 0.417218 1.57795e-05 1.10112e-05 0.202963 0 0.000687738 0.0752765 86.4007 0.0342164 0 0.312703 0.685059 1.06436
1.12 1.30603 0.00132769 4.24911e-05 0.583856 0.00232173 0 0.00341953 94.706 0.416686 1.60173e-05 1.10413e-05 0.203406 0 0.000685025 0.0758671 86.4007 0.0342162 0 0.31321 0.676805 1.06436
1.14 1.30603 0.00132774 4.25201e-05 0.583856 0.00235086 0 0.00342011 94.7071 0.416686 1.62554e-05 1.10713e-05 0.203406 0 0.000681739 0.076473 86.4007 0.0342159 0 0.313669 0.668458 1.06436
1.16 1.30603 0.00132777 4.25406e-05 0.583856 0.00237768 0 0.00342054 94.7078 0.416686 1.64936e-05 1.11013e-05 0.203406 0 0.000677924 0.0770935 86.4007 0.0342157 0 0.314084 0.660037 1.06436
1.18 1.30603 0.00132779 4.25532e-05 0.583856 0.00240208 0 0.00342083 94.7083 0.416686 1.67319e-05 1.11314e-05 0.203406 0 0.000673625 0.0777281 86.4007 0.0342156 0 0.314456 0.65156 1.06436
1.2 1.30583 0.0013278 4.25585e-05 0.583856 0.00242395 0 0.00342098 94.7084 0.41725 1.69702e-05 1.11615e-05 0.203132 0 0.000668887 0.078376 86.4007 0.0342154 0 0.314789 0.643044 1.06436
1.22 1.30583 0.00132779 4.25561e-05 0.583856 0.00244385 0 0.003421 94.7083 0.41725 1.72085e-05 1.11915e-05 0.203132 0 0.000663703 0.0790373 86.4007 0.0342153 0 0.315095 0.634501 1.06436
1.24 1.30583 0.00132778 4.2547e-05 0.583855 0.00246149 0 0.00342089 94.7079 0.41725 1.74468e-05 1.12216e-05 0.203132 0 0.000658133 0.0797113 86.4007 0.0342152 0 0.315371 0.62595 1.06436
1.26 1.30583 0.00132775 4.25314e-05 0.583855 0.00247692 0 0.00342066 94.7073 0.41725 1.7685e-05 1.12516e-05 0.203132 0 0.000652215 0.0803972 86.4007 0.0342151 0 0.31562 0.617404 1.06436
1.28 1.30583 0.00132771 4.25098e-05 0.583855 0.0024902 0 0.00342033 94.7064 0.41725 1.79232e-05 1.12817e-05 0.203132 0 0.000645986 0.0810946 86.4007 0.0342151 0 0.315843 0.608878 1.06436
1.3 1.30474 0.00132766 4.24827e-05 0.583855 0.00250146 0 0.00341989 94.7053 0.417451 1.81611e-05 1.13117e-05 0.202214 0 0.000639483 0.0818029 86.4007 0.034215 0 0.316043 0.600384 1.06436
1.32 1.30474 0.0013276 4.24503e-05 0.583855 0.00251087 0 0.00341936 94.704 0.417451 1.8399e-05 1.13417e-05 0.202214 0 0.000632745 0.0825218 86.4007 0.0342149 0 0.316226 0.591933 1.06436
1.34 1.30474 0.00132754 4.24132e-05 0.583855 0.00251854 0 0.00341874 94.7025 0.417451 1.86366e-05 1.13718e-05 0.202214 0 0.000625806 0.0832506 86.4007 0.0342149 0 0.316391 0.583536 1.06436
1.36 1.30474 0.00132746 4.23717e-05 0.583855 0.00252465 0 0.00341804 94.7009 0.417451 1.8874e-05 1.14018e-05 0.202214 0 0.000618704 0.0839888 86.4007 0.0342149 0 0.316539 0.575204 1.06436
1.38 1.30474 0.00132738 4.23263e-05 0.583855 0.0025294 0 0.00341726 94.6991 0.417451 1.91111e-05 1.14318e-05 0.202214 0 0.000611474 0.084736 86.4007 0.0342148 0 0.316672 0.566947 1.06436
1.4 1.30321 0.0013273 4.2277e-05 0.583855 0.00253261 0 0.00341642 94.6972 0.41774 1.9348e-05 1.14618e-05 0.200918 0 0.000604107 0.0854917 86.4007 0.0342148 0 0.316792 0.558774 1.06436
1.42 1.30321 0.0013272 4.2224e-05 0.583855 0.0025341 0 0.0034155 94.6952 0.41774 1.95846e-05 1.14918e-05 0.200918 0 0.000596594 0.0862555 86.4007 0.0342147 0 0.316901 0.550693 1.06436
1.44 1.30321 0.00132711 4.21678e-05 0.583855 0.00253421 0 0.00341453 94.693 0.41774 1.98209e-05 1.15218e-05 0.200918 0 0.000588975 0.0870269 86.4007 0.0342147 0 0.317 0.542711 1.06436
1.46 1.30321 0.001327 4.21086e-05 0.583855 0.00253301 0 0.0034135 94.6907 0.41774 2.00569e-05 1.15518e-05 0.200918 0 0.000581263 0.0878054 86.4007 0.0342147 0 0.317088 0.534835 1.06436
1.48 1.30321 0.0013269 4.20466e-05 0.583855 0.00253058 0 0.00341242 94.6883 0.41774 2.02925e-05 1.15817e-05 0.200918 0 0.000573466 0.0885906 86.4007 0.0342147 0 0.317168 0.52707 1.06436
1.5 1.30126 0.00132678 4.19825e-05 0.583855 0.00252696 0 0.00341131 94.6858 0.418219 2.05278e-05 1.16117e-05 0.199367 0 0.000565724 0.0893818 86.4007 0.0342147 0 0.31724 0.519424 1.06435
1.52 1.30126 0.00132667 4.19166e-05 0.583855 0.00252223 0 0.00341015 94.6833 0.418219 2.07627e-05 1.16416e-05 0.199367 0 0.000558059 0.0901785 86.4007 0.0342147 0 0.317306 0.5119 1.06435
1.54 1.30126 0.00132655 4.18491e-05 0.583854 0.00251646 0 0.00340897 94.6807 0.418219 2.09972e-05 1.16716e-05 0.199367 0 0.000550487 0.0909803 86.4007 0.0342147 0 0.317366 0.504502 1.06435
1.56 1.30126 0.00132643 4.17802e-05 0.583854 0.00250972 0 0.00340777 94.678 0.418219 2.12314e-05 1.17015e-05 0.199367 0 0.000543051 0.0917867 86.4007 0.0342147 0 0.317419 0.497233 1.06435
1.58 1.29928 0.00132631 4.17104e-05 0.583854 0.00250208 0 0.00340654 94.6753 0.418502 2.14652e-05 1.17314e-05 0.197744 0 0.000535785 0.0925971 86.4007 0.0342147 0 0.317467 0.490096 1.06435
1.6 1.29928 0.00132619 4.1639e-05 0.583854 0.00249398 0 0.00340529 94.6726 0.418502 2.16985e-05 1.17613e-05 0.197744 0 0.000528236 0.0934119 86.4007 0.0342147 0 0.317511 0.4831 1.06435
1.62 1.29928 0.00132606 4.15665e-05 0.583854 0.00248537 0 0.00340402 94.6698 0.418502 2.19315e-05 1.17912e-05 0.197744 0 0.000520582 0.0942302 86.4007 0.0342148 0 0.317551 0.476243 1.06435
1.64 1.29928 0.00132594 4.14931e-05 0.583854 0.00247642 0 0.00340272 94.667 0.418502 2.2164e-05 1.1821e-05 0.197744 0 0.000512758 0.0950517 86.4007 0.0342148 0 0.317587 0.469528 1.06435
1.66 1.29928 0.00132581 4.14188e-05 0.583854 0.00246726 0 0.00340141 94.6642 0.418502 2.23962e-05 1.18509e-05 0.197744 0 0.00050469 0.0958761 86.4007 0.0342148 0 0.317619 0.462956 1.06435
1.68 1.29712 0.00132568 4.13442e-05 0.583854 0.00245794 0 0.00340009 94.6613 0.41903 2.26279e-05 1.18807e-05 0.19606 0 0.000496605 0.0967028 86.4007 0.0342148 0 0.317648 0.456525 1.06435
1.7 1.29712 0.00132555 4.12705e-05 0.583854 0.00244817 0 0.00339879 94.6585 0.41903 2.28593e-05 1.19106e-05 0.19606 0 0.000489445 0.0975306 86.4007 0.0342148 0 0.317674 0.45023 1.06434
1.72 1.29712 0.00132543 4.11974e-05 0.583854 0.00243829 0 0.0033975 94.6557 0.41903 2.30902e-05 1.19404e-05 0.19606 0 0.000482695 0.0983595 86.4007 0.0342149 0 0.317697 0.444077 1.06434
1.74 1.29712 0.0013253 4.11252e-05 0.583854 0.00242837 0 0.00339623 94.6529 0.41903 2.33207e-05 1.19702e-05 0.19606 0 0.000476436 0.099189 86.4007 0.0342149 0 0.317718 0.438068 1.06434
1.76 1.29712 0.00132518 4.10541e-05 0.583854 0.0024185 0 0.00339498 94.6502 0.41903 2.35508e-05 1.2e-05 0.19606 0 0.000470748 0.100019 86.4007 0.0342149 0 0.317737 0.432202 1.06434
1.78 1.29511 0.00132505 4.09832e-05 0.583854 0.00240852 0 0.00339373 94.6474 0.419403 2.37806e-05 1.20297e-05 0.194459 0 0.000465014 0.100849 86.4007 0.0342149 0 0.317754 0.426477 1.06434
1.8 1.29511 0.00132493 4.09117e-05 0.583854 0.00239827 0 0.00339247 94.6447 0.419403 2.40099e-05 1.20595e-05 0.194459 0 0.000458735 0.101681 86.4007 0.034215 0 0.317769 0.420892 1.06434
1.82 1.29511 0.00132481 4.08405e-05 0.583854 0.00238798 0 0.00339121 94.642 0.419403 2.42388e-05 1.20892e-05 0.194459 0 0.000452312 0.102514 86.4007 0.034215 0 0.317782 0.415449 1.06434
1.84 1.29511 0.00132469 4.07697e-05 0.583854 0.00237767 0 0.00338995 94.6393 0.419403 2.44673e-05 1.2119e-05 0.194459 0 0.00044567 0.103347 86.4007 0.034215 0 0.317795 0.410148 1.06434
1.86 1.29511 0.00132457 4.06991e-05 0.583854 0.00236736 0 0.0033887 94.6366 0.419403 2.46954e-05 1.21487e-05 0.194459 0 0.000438739 0.104179 86.4007 0.034215 0 0.317806 0.404989 1.06434
1.88 1.29322 0.00132445 4.06301e-05 0.583854 0.00235723 0 0.00338748 94.634 0.41977 2.49232e-05 1.21784e-05 0.192946 0 0.000432403 0.105011 86.4007 0.0342151 0 0.317817 0.399957 1.06434
1.9 1.29322 0.00132433 4.05624e-05 0.583854 0.00234722 0 0.00338628 94.6314 0.41977 2.51506e-05 1.22081e-05 0.192946 0 0.000426467 0.105841 86.4007 0.0342151 0 0.317827 0.395056 1.06433
1.92 1.29322 0.00132422 4.04956e-05 0.583854 0.00233728 0 0.0033851 94.6288 0.41977 2.53776e-05 1.22378e-05 0.192946 0 0.000420701 0.106671 86.4007 0.0342151 0 0.317836 0.390289 1.06433
1.94 1.29322 0.0013241 4.04296e-05 0.583854 0.00232741 0 0.00338394 94.6263 0.41977 2.56042e-05 1.22675e-05 0.192946 0 0.000415106 0.1075 86.4007 0.0342152 0 0.317844 0.385657 1.06433
1.96 1.29142 0.00132399 4.03646e-05 0.583854 0.00231761 0 0.0033828 94.6238 0.420102 2.58304e-05 1.22971e-05 0.191511 0 0.000409682 0.108329 86.4007 0.0342152 0 0.317851 0.38116 1.06433
1.98 1.29142 0.00132388 4.03015e-05 0.583854 0.00230811 0 0.00338168 94.6213 0.420102 2.60563e-05 1.23268e-05 0.191511 0 0.000404335 0.109154 86.4007 0.0342152 0 0.317858 0.376771 1.06433
2 1.29142 0.00132377 4.02395e-05 0.583854 0.00229876 0 0.00338059 94.6189 0.420102 2.62819e-05 1.23564e-05 0.191511 0 0.000399126 0.109977 86.4007 0.0342152 0 0.317864 0.372507 1.06433
2.02 1.29142 0.00132367 4.01789e-05 0.583853 0.00228955 0 0.00337953 94.6166 0.420102 2.65071e-05 1.2386e-05 0.191511 0 0.000394056 0.110798 86.4007 0.0342153 0 0.31787 0.368369 1.06433
2.04 1.29142 0.00132356 4.01194e-05 0.583853 0.0022805 0 0.00337848 94.6143 0.420102 2.6732e-05 1.24157e-05 0.191511 0 0.000389124 0.111618 86.4007 0.0342153 0 0.317875 0.364357 1.06433
2.06 1.28848 0.00132346 4.00612e-05 0.583853 0.00227159 0 0.00337746 94.612 0.420695 2.69565e-05 1.24453e-05 0.189186 0 0.000384317 0.112437 86.4007 0.0342153 0 0.317879 0.360455 1.06433
2.08 1.28848 0.00132336 4.00042e-05 0.583853 0.00226286 0 0.00337645 94.6098 0.420695 2.71808e-05 1.24749e-05 0.189186 0 0.000379596 0.113252 86.4007 0.0342153 0 0.317883 0.356626 1.06433
2.1 1.28848 0.00132326 3.99483e-05 0.583853 0.00225429 0 0.00337547 94.6076 0.420695 2.74048e-05 1.25044e-05 0.189186 0 0.000374992 0.114065 86.4007 0.0342154 0 0.317888 0.3529 1.06433
2.12 1.28848 0.00132317 3.98937e-05 0.583853 0.00224587 0 0.00337451 94.6055 0.420695 2.76286e-05 1.2534e-05 0.189186 0 0.000370505 0.114876 86.4007 0.0342154 0 0.317891 0.349278 1.06433
2.14 1.28848 0.00132308 3.98402e-05 0.583853 0.00223761 0 0.00337357 94.6034 0.420695 2.7852e-05 1.25636e-05 0.189186 0 0.000366135 0.115685 86.4007 0.0342154 0 0.317895 0.345761 1.06432
2.16 1.28848 0.00132299 3.9788e-05 0.583853 0.0022295 0 0.00337265 94.6014 0.420695 2.80751e-05 1.25932e-05 0.189186 0 0.000361883 0.116492 86.4007 0.0342154 0 0.317898 0.342347 1.06432
2.18 1.28848 0.0013229 3.9737e-05 0.583853 0.00222155 0 0.00337176 94.5994 0.420695 2.82979e-05 1.26227e-05 0.189186 0 0.000357747 0.117297 86.4007 0.0342155 0 0.317901 0.339037 1.06432
2.2 1.28848 0.00132281 3.96871e-05 0.583853 0.00221376 0 0.00337088 94.5975 0.420695 2.85205e-05 1.26522e-05 0.189186 0 0.000353729 0.1181 86.4007 0.0342155 0 0.317903 0.33583 1.06432
2.22 1.28848 0.00132272 3.96385e-05 0.583853 0.00220613 0 0.00337002 94.5956 0.420695 2.87427e-05 1.26818e-05 0.189186 0 0.000349828 0.118901 86.4007 0.0342155 0 0.317905 0.332728 1.06432
2.24 1.28848 0.00132264 3.95911e-05 0.583853 0.00219865 0 0.00336919 94.5938 0.420695 2.89647e-05 1.27113e-05 0.189186 0 0.000346045 0.119699 86.4007 0.0342155 0 0.317907 0.329729 1.06432
2.26 1.28615 0.00132256 3.95453e-05 0.583853 0.00219136 0 0.00336839 94.592 0.421035 2.91865e-05 1.27408e-05 0.18726 0 0.000342312 0.120493 86.4007 0.0342155 0 0.317909 0.326771 1.06432
2.28 1.28615 0.00132248 3.95009e-05 0.583853 0.00218424 0 0.00336761 94.5902 0.421035 2.94081e-05 1.27703e-05 0.18726 0 0.000338659 0.121284 86.4007 0.0342156 0 0.317911 0.323882 1.06432
2.3 1.28615 0.00132241 3.94577e-05 0.583853 0.00217729 0 0.00336685 94.5885 0.421035 2.96294e-05 1.27998e-05 0.18726 0 0.000335105 0.122072 86.4007 0.0342156 0 0.317913 0.321079 1.06432
2.32 1.28615 0.00132233 3.94159e-05 0.583853 0.00217051 0 0.00336612 94.5869 0.421035 2.98505e-05 1.28293e-05 0.18726 0 0.000331652 0.122857 86.4007 0.0342156 0 0.317914 0.318364 1.06432
2.34 1.28615 0.00132226 3.93753e-05 0.583853 0.00216388 0 0.00336541 94.5853 0.421035 3.00714e-05 1.28588e-05 0.18726 0 0.000328299 0.123639 86.4007 0.0342156 0 0.317915 0.315737 1.06432
2.36 1.28615 0.00132219 3.93361e-05 0.583852 0.00215743 0 0.00336473 94.5837 0.421035 3.0292e-05 1.28883e-05 0.18726 0 0.000325045 0.124419 86.4007 0.0342156 0 0.317916 0.313196 1.06432
2.38 1.28615 0.00132212 3.92982e-05 0.583852 0.00215113 0 0.00336407 94.5822 0.421035 3.05123e-05 1.29177e-05 0.18726 0 0.000321892 0.125196 86.4007 0.0342157 0 0.317917 0.310744 1.06432
2.4 1.28615 0.00132206 3.92615e-05 0.583852 0.00214501 0 0.00336343 94.5807 0.421035 3.07324e-05 1.29472e-05 0.18726 0 0.000318838 0.12597 86.4007 0.0342157 0 0.317917 0.308378 1.06432
2.42 1.28615 0.00132199 3.92262e-05 0.583852 0.00213904 0 0.00336281 94.5793 0.421035 3.09523e-05 1.29767e-05 0.18726 0 0.000315885 0.126741 86.4007 0.0342157 0 0.317918 0.3061 1.06432
2.44 1.28465 0.00132193 3.9192e-05 0.583852 0.0021332 0 0.00336222 94.578 0.421331 3.11719e-05 1.30061e-05 0.185996 0 0.000313004 0.12751 86.4007 0.0342157 0 0.317918 0.303884 1.06431
2.46 1.28465 0.00132187 3.91583e-05 0.583852 0.00212735 0 0.00336163 94.5766 0.421331 3.13916e-05 1.30355e-05 0.185996 0 0.000310125 0.128275 86.4007 0.0342157 0 0.317919 0.30166 1.06431
2.48 1.28465 0.00132181 3.91257e-05 0.583852 0.00212162 0 0.00336107 94.5753 0.421331 3.16111e-05 1.3065e-05 0.185996 0 0.000307323 0.129037 86.4007 0.0342157 0 0.317919 0.299503 1.06431
2.5 1.28465 0.00132176 3.90943e-05 0.583852 0.00211602 0 0.00336052 94.574 0.421331 3.18303e-05 1.30944e-05 0.185996 0 0.000304599 0.129796 86.4007 0.0342157 0 0.31792 0.29741 1.06431
2.52 1.28465 0.0013217 3.90639e-05 0.583852 0.00211054 0 0.00335999 94.5728 0.421331 3.20494e-05 1.31238e-05 0.185996 0 0.000301951 0.130552 86.4007 0.0342158 0 0.31792 0.295384 1.06431
2.54 1.28465 0.00132165 3.90348e-05 0.583852 0.00210519 0 0.00335949 94.5716 0.421331 3.22683e-05 1.31533e-05 0.185996 0 0.000299381 0.131306 86.4007 0.0342158 0 0.31792 0.293422 1.06431
2.56 1.28465 0.0013216 3.90067e-05 0.583852 0.00209996 0 0.003359 94.5705 0.421331 3.2487e-05 1.31827e-05 0.185996 0 0.000296888 0.132056 86.4007 0.0342158 0 0.31792 0.291527 1.06431
2.58 1.28465 0.00132155 3.89798e-05 0.583852 0.00209486 0 0.00335854 94.5694 0.421331 3.27055e-05 1.32121e-05 0.185996 0 0.000294472 0.132804 86.4007 0.0342158 0 0.31792 0.289697 1.06431
2.6 1.28465 0.0013215 3.8954e-05 0.583852 0.00208989 0 0.00335809 94.5683 0.421331 3.29238e-05 1.32415e-05 0.185996 0 0.000292133 0.133548 86.4007 0.0342158 0 0.31792 0.287932 1.06431
2.62 1.28465 0.00132146 3.89293e-05 0.583851 0.00208504 0 0.00335766 94.5673 0.421331 3.31419e-05 1.32709e-05 0.185996 0 0.000289872 0.13429 86.4007 0.0342158 0 0.31792 0.286233 1.06431
2.64 1.28353 0.00132141 3.89048e-05 0.583851 0.00208013 0 0.00335724 94.5663 0.421646 3.33601e-05 1.33003e-05 0.18513 0 0.000287609 0.13503 86.4007 0.0342158 0 0.31792 0.284531 1.06431
2.66 1.28353 0.00132137 3.88808e-05 0.583851 0.00207523 0 0.00335683 94.5653 0.421646 3.35781e-05 1.33297e-05 0.18513 0 0.000285378 0.135769 86.4007 0.0342159 0 0.31792 0.282854 1.06431
2.68 1.28353 0.00132132 3.88577e-05 0.583851 0.00207042 0 0.00335643 94.5644 0.421646 3.3796e-05 1.33591e-05 0.18513 0 0.000283203 0.136504 86.4007 0.0342159 0 0.31792 0.281225 1.06431
2.7 1.28353 0.00132128 3.88354e-05 0.583851 0.00206568 0 0.00335604 94.5635 0.421646 3.40137e-05 1.33884e-05 0.18513 0 0.000281085 0.137237 86.4007 0.0342159 0 0.317921 0.279643 1.06431
2.72 1.28353 0.00132124 3.88141e-05 0.583851 0.00206101 0 0.00335568 94.5626 0.421646 3.42313e-05 1.34178e-05 0.18513 0 0.000279023 0.137968 86.4007 0.0342159 0 0.317921 0.278108 1.06431
2.74 1.28353 0.0013212 3.87936e-05 0.583851 0.00205642 0 0.00335532 94.5617 0.421646 3.44488e-05 1.34472e-05 0.18513 0 0.000277017 0.138696 86.4007 0.0342159 0 0.31792 0.27662 1.06431
2.76 1.28353 0.00132117 3.87739e-05 0.583851 0.00205191 0 0.00335499 94.5609 0.421646 3.46661e-05 1.34766e-05 0.18513 0 0.000275068 0.139422 86.4007 0.0342159 0 0.31792 0.27518 1.06431
2.78 1.28353 0.00132113 3.87552e-05 0.583851 0.00204748 0 0.00335466 94.5601 0.421646 3.48833e-05 1.35059e-05 0.18513 0 0.000273175 0.140145 86.4007 0.0342159 0 0.31792 0.273787 1.06431
2.8 1.28353 0.0013211 3.87373e-05 0.583851 0.00204312 0 0.00335436 94.5593 0.421646 3.51003e-05 1.35353e-05 0.18513 0 0.000271339 0.140865 86.4007 0.0342159 0 0.31792 0.272441 1.06431
2.82 1.28256 0.00132107 3.87201e-05 0.583851 0.00203881 0 0.00335406 94.5586 0.421909 3.53172e-05 1.35647e-05 0.184439 0 0.00026955 0.141584 86.4007 0.0342159 0 0.31792 0.271135 1.06431
2.84 1.28256 0.00132103 3.87031e-05 0.583851 0.00203448 0 0.00335377 94.5579 0.421909 3.55341e-05 1.3594e-05 0.184439 0 0.000267778 0.142302 86.4007 0.0342159 0 0.31792 0.269838 1.06431
2.86 1.28256 0.001321 3.86868e-05 0.58385 0.00203018 0 0.00335349 94.5572 0.421909 3.57509e-05 1.36234e-05 0.184439 0 0.000266049 0.143018 86.4007 0.034216 0 0.31792 0.268576 1.06431
2.88 1.28256 0.00132097 3.8671e-05 0.58385 0.00202592 0 0.00335322 94.5565 0.421909 3.59676e-05 1.36527e-05 0.184439 0 0.000264361 0.143732 86.4007 0.034216 0 0.31792 0.267347 1.06431
2.9 1.28256 0.00132094 3.86559e-05 0.58385 0.00202169 0 0.00335296 94.5559 0.421909 3.61842e-05 1.3682e-05 0.184439 0 0.000262713 0.144444 86.4007 0.034216 0 0.31792 0.26615 1.06431
2.92 1.28256 0.00132092 3.86413e-05 0.58385 0.00201749 0 0.00335271 94.5552 0.421909 3.64006e-05 1.37114e-05 0.184439 0 0.000261103 0.145155 86.4007 0.034216 0 0.31792 0.264983 1.06431
2.94 1.28256 0.00132089 3.86273e-05 0.58385 0.00201332 0 0.00335247 94.5546 0.421909 3.6617e-05 1.37407e-05 0.184439 0 0.000259531 0.145864 86.4007 0.034216 0 0.317919 0.263846 1.06431
2.96 1.28256 0.00132086 3.86138e-05 0.58385 0.00200917 0 0.00335224 94.554 0.421909 3.68333e-05 1.37701e-05 0.184439 0 0.000257995 0.146572 86.4007 0.034216 0 0.317919 0.262736 1.06431
2.98 1.28256 0.00132084 3.86008e-05 0.58385 0.00200503 0 0.00335202 94.5535 0.421909 3.70496e-05 1.37994e-05 0.184439 0 0.000256494 0.147278 86.4007 0.034216 0 0.317919 0.261654 1.06431
3 1.28256 0.00132081 3.85883e-05 0.58385 0.00200091 0 0.00335181 94.5529 0.421909 3.72657e-05 1.38287e-05 0.184439 0 0.000255026 0.147983 86.4007 0.034216 0 0.317919 0.260597 1.06431
3.02 1.28199 0.00132079 3.85764e-05 0.58385 0.0019968 0 0.0033516 94.5524 0.421966 3.74818e-05 1.38581e-05 0.183944 0 0.000253579 0.148686 86.4007 0.034216 0 0.317919 0.259562 1.06431
3.04 1.28199 0.00132077 3.8565e-05 0.58385 0.00199268 0 0.00335141 94.5519 0.421966 3.76978e-05 1.38874e-05 0.183944 0 0.000252155 0.149387 86.4007 0.034216 0 0.317919 0.258548 1.06431
3.06 1.28199 0.00132074 3.85542e-05 0.58385 0.00198857 0 0.00335123 94.5514 0.421966 3.79137e-05 1.39167e-05 0.183944 0 0.000250755 0.150086 86.4007 0.034216 0 0.317919 0.257555 1.06431
3.08 1.28199 0.00132072 3.85437e-05 0.583849 0.00198445 0 0.00335105 94.5509 0.421966 3.81296e-05 1.3946e-05 0.183944 0 0.000249378 0.150784 86.4007 0.034216 0 0.317919 0.256581 1.0643
3.1 1.28199 0.0013207 3.85338e-05 0.583849 0.00198032 0 0.00335088 94.5504 0.421966 3.83454e-05 1.39753e-05 0.183944 0 0.000248022 0.151481 86.4007 0.034216 0 0.317919 0.255624 1.0643
3.12 1.28199 0.00132068 3.85243e-05 0.583849 0.00197618 0 0.00335072 94.55 0.421966 3.85611e-05 1.40047e-05 0.183944 0 0.000246685 0.152176 86.4007 0.034216 0 0.317919 0.254685 1.0643
3.14 1.28199 0.00132066 3.85152e-05 0.583849 0.00197203 0 0.00335057 94.5496 0.421966 3.87769e-05 1.4034e-05 0.183944 0 0.000245365 0.152869 86.4007 0.034216 0 0.317919 0.25376 1.0643
3.16 1.28199 0.00132064 3.85065e-05 0.583849 0.00196785 0 0.00335042 94.5491 0.421966 3.89925e-05 1.40633e-05 0.183944 0 0.000244061 0.153561 86.4007 0.034216 0 0.317919 0.25285 1.0643
3.18 1.28199 0.00132063 3.84981e-05 0.583849 0.00196366 0 0.00335028 94.5487 0.421966 3.92081e-05 1.40926e-05 0.183944 0 0.000242771 0.154252 86.4007 0.0342161 0 0.317919 0.251952 1.0643
3.2 1.28169 0.00132061 3.84901e-05 0.583849 0.00195943 0 0.00335015 94.5483 0.42217 3.94237e-05 1.41219e-05 0.183676 0 0.000241501 0.154942 86.4007 0.0342161 0 0.317919 0.251069 1.0643
3.22 1.28169 0.00132059 3.84822e-05 0.583849 0.00195517 0 0.00335002 94.5479 0.42217 3.96392e-05 1.41512e-05 0.183676 0 0.000240276 0.155631 86.4007 0.0342161 0 0.317919 0.250211 1.0643
3.24 1.28169 0.00132057 3.84745e-05 0.583849 0.00195087 0 0.00334989 94.5476 0.42217 3.98546e-05 1.41805e-05 0.183676 0 0.000239073 0.156318 86.4007 0.0342161 0 0.317919 0.249366 1.0643
3.26 1.28169 0.00132056 3.8467e-05 0.583849 0.00194654 0 0.00334977 94.5472 0.42217 4.007e-05 1.42098e-05 0.183676 0 0.00023789 0.157005 86.4007 0.0342161 0 0.317918 0.248535 1.0643
3.28 1.28169 0.00132054 3.84597e-05 0.583848 0.00194215 0 0.00334965 94.5468 0.42217 4.02853e-05 1.42391e-05 0.183676 0 0.000236727 0.15769 86.4007 0.0342161 0 0.317918 0.247716 1.0643
3.3 1.28169 0.00132052 3.84525e-05 0.583848 0.00193772 0 0.00334953 94.5464 0.42217 4.05006e-05 1.42684e-05 0.183676 0 0.000235583 0.158374 86.4007 0.0342161 0 0.317918 0.246908 1.0643
3.32 1.28169 0.00132051 3.84455e-05 0.583848 0.00193324 0 0.00334941 94.5461 0.42217 4.07159e-05 1.42977e-05 0.183676 0 0.000234458 0.159058 86.4007 0.0342161 0 0.317918 0.246111 1.0643
3.34 1.28169 0.00132049 3.84385e-05 0.583848 0.0019287 0 0.0033493 94.5457 0.42217 4.09311e-05 1.4327e-05 0.183676 0 0.000233351 0.15974 86.4007 0.0342161 0 0.317918 0.245323 1.0643
3.36 1.28169 0.00132047 3.84317e-05 0.583848 0.0019241 0 0.00334919 94.5453 0.42217 4.11463e-05 1.43563e-05 0.183676 0 0.000232261 0.160422 86.4007 0.0342161 0 0.317918 0.244545 1.0643
3.38 1.28169 0.00132046 3.84249e-05 0.583848 0.00191944 0 0.00334908 94.545 0.42217 4.13615e-05 1.43856e-05 0.183676 0 0.000231189 0.161103 86.4007 0.0342161 0 0.317918 0.243774 1.0643
3.4 1.28128 0.00132044 3.84185e-05 0.583848 0.00191479 0 0.00334897 94.5446 0.422299 4.15766e-05 1.44149e-05 0.183439 0 0.000230111 0.161784 86.4007 0.0342161 0 0.317918 0.243018 1.0643
3.42 1.28128 0.00132043 3.84123e-05 0.583848 0.00191013 0 0.00334887 94.5443 0.422299 4.17917e-05 1.44442e-05 0.183439 0 0.000229034 0.162464 86.4007 0.0342161 0 0.317918 0.242274 1.0643
3.44 1.28128 0.00132041 3.84062e-05 0.583848 0.00190544 0 0.00334877 94.5439 0.422299 4.20067e-05 1.44735e-05 0.183439 0 0.000227961 0.163144 86.4007 0.0342161 0 0.317918 0.241539 1.0643
3.46 1.28128 0.0013204 3.84003e-05 0.583848 0.00190071 0 0.00334867 94.5436 0.422299 4.22218e-05 1.45028e-05 0.183439 0 0.000226892 0.163824 86.4007 0.0342161 0 0.317918 0.240812 1.0643
3.48 1.28128 0.00132038 3.83944e-05 0.583847 0.00189594 0 0.00334858 94.5433 0.422299 4.24367e-05 1.45321e-05 0.183439 0 0.000225825 0.164504 86.4007 0.0342161 0 0.317918 0.240094 1.0643
3.5 1.28128 0.00132037 3.83887e-05 0.583847 0.00189113 0 0.00334848 94.543 0.422299 4.26517e-05 1.45614e-05 0.183439 0 0.000224759 0.165183 86.4007 0.0342161 0 0.317918 0.239383 1.0643
3.52 1.28128 0.00132036 3.8383e-05 0.583847 0.00188629 0 0.00334839 94.5427 0.422299 4.28666e-05 1.45907e-05 0.183439 0 0.000223692 0.165862 86.4007 0.0342161 0 0.317918 0.238679 1.0643
3.54 1.28128 0.00132034 3.83774e-05 0.583847 0.0018814 0 0.00334829 94.5424 0.422299 4.30815e-05 1.462e-05 0.183439 0 0.000222624 0.166541 86.4007 0.0342161 0 0.317918 0.237981 1.0643
3.56 1.28128 0.00132033 3.83719e-05 0.583847 0.00187648 0 0.0033482 94.5421 0.422299 4.32964e-05 1.46492e-05 0.183439 0 0.000221551 0.16722 86.4007 0.0342161 0 0.317918 0.237289 1.0643
3.58 1.28102 0.00132032 3.83665e-05 0.583847 0.00187151 0 0.00334811 94.5418 0.422091 4.35113e-05 1.46785e-05 0.183167 0 0.000220493 0.167899 86.4007 0.0342161 0 0.317918 0.236603 1.0643
3.6 1.28102 0.0013203 3.83615e-05 0.583847 0.00186649 0 0.00334802 94.5415 0.422091 4.37261e-05 1.47078e-05 0.183167 0 0.000219527 0.168577 86.4007 0.0342161 0 0.317918 0.23593 1.0643
3.62 1.28102 0.00132029 3.83567e-05 0.583847 0.00186142 0 0.00334795 94.5412 0.422091 4.39409e-05 1.47371e-05 0.183167 0 0.000218587 0.169255 86.4007 0.0342161 0 0.317918 0.235262 1.0643
3.64 1.28102 0.00132028 3.83521e-05 0.583847 0.0018563 0 0.00334787 94.5409 0.422091 4.41556e-05 1.47664e-05 0.183167 0 0.000217675 0.169933 86.4007 0.0342161 0 0.317918 0.234601 1.0643
3.66 1.28102 0.00132027 3.83476e-05 0.583847 0.00185113 0 0.00334779 94.5406 0.422091 4.43704e-05 1.47957e-05 0.183167 0 0.000216792 0.170611 86.4007 0.0342162 0 0.317918 0.233947 1.0643
3.68 1.28102 0.00132025 3.83434e-05 0.583846 0.00184592 0 0.00334772 94.5404 0.422091 4.45851e-05 1.48249e-05 0.183167 0 0.000215941 0.17129 86.4007 0.0342162 0 0.317918 0.233297 1.0643
3.7 1.28102 0.00132024 3.83393e-05 0.583846 0.00184065 0 0.00334765 94.5401 0.422091 4.47998e-05 1.48542e-05 0.183167 0 0.000215123 0.171968 86.4007 0.0342162 0 0.317918 0.232653 1.0643
3.72 1.28102 0.00132023 3.83353e-05 0.583846 0.00183533 0 0.00334759 94.5399 0.422091 4.50145e-05 1.48835e-05 0.183167 0 0.000214339 0.172646 86.4007 0.0342162 0 0.317918 0.232014 1.0643
3.74 1.28102 0.00132022 3.83316e-05 0.583846 0.00182995 0 0.00334752 94.5396 0.422091 4.52292e-05 1.49128e-05 0.183167 0 0.000213592 0.173325 86.4007 0.0342162 0 0.317919 0.23138 1.0643
3.76 1.28102 0.00132021 3.8328e-05 0.583846 0.00182453 0 0.00334746 94.5394 0.422091 4.54438e-05 1.49421e-05 0.183167 0 0.000212883 0.174004 86.4007 0.0342162 0 0.317919 0.230751 1.0643
3.78 1.28086 0.0013202 3.83239e-05 0.583846 0.00181899 0 0.0033474 94.5391 0.422315 4.56584e-05 1.49713e-05 0.182984 0 0.000212068 0.174682 86.4007 0.0342162 0 0.317919 0.230127 1.0643
3.8 1.28086 0.00132019 3.83194e-05 0.583846 0.00181336 0 0.00334732 94.5388 0.422315 4.5873e-05 1.50006e-05 0.182984 0 0.000211187 0.175359 86.4007 0.0342162 0 0.317919 0.22951 1.0643
3.82 1.28086 0.00132017 3.83148e-05 0.583846 0.00180766 0 0.00334725 94.5385 0.422315 4.60876e-05 1.50299e-05 0.182984 0 0.0002103 0.176037 86.4007 0.0342162 0 0.317919 0.228898 1.0643
3.84 1.28086 0.00132016 3.83103e-05 0.583846 0.0018019 0 0.00334718 94.5382 0.422315 4.63021e-05 1.50592e-05 0.182984 0 0.000209407 0.176714 86.4007 0.0342162 0 0.317919 0.228291 1.0643
3.86 1.28086 0.00132014 3.83057e-05 0.583846 0.00179607 0 0.0033471 94.5379 0.422315 4.65166e-05 1.50884e-05 0.182984 0 0.000208507 0.177392 86.4007 0.0342162 0 0.317919 0.22769 1.0643
3.88 1.28086 0.00132013 3.8301e-05 0.583845 0.00179016 0 0.00334703 94.5376 0.422315 4.67311e-05 1.51177e-05 0.182984 0 0.000207601 0.178069 86.4007 0.0342162 0 0.317919 0.227095 1.0643
3.9 1.28086 0.00132012 3.82963e-05 0.583845 0.00178419 0 0.00334696 94.5372 0.422315 4.69455e-05 1.5147e-05 0.182984 0 0.000206689 0.178746 86.4007 0.0342162 0 0.317919 0.226505 1.0643
3.92 1.28086 0.0013201 3.82916e-05 0.583845 0.00177816 0 0.00334688 94.5369 0.422315 4.716e-05 1.51762e-05 0.182984 0 0.000205771 0.179423 86.4007 0.0342162 0 0.317919 0.22592 1.0643
3.94 1.28086 0.00132009 3.82868e-05 0.583845 0.00177205 0 0.00334681 94.5366 0.422315 4.73744e-05 1.52055e-05 0.182984 0 0.000204846 0.180099 86.4007 0.0342162 0 0.317919 0.225341 1.0643
3.96 1.28064 0.00132007 3.82821e-05 0.583845 0.00176589 0 0.00334673 94.5362 0.422374 4.75888e-05 1.52348e-05 0.182795 0 0.000203931 0.180776 86.4007 0.0342162 0 0.317919 0.224767 1.0643
3.98 1.28064 0.00132006 3.82777e-05 0.583845 0.00175975 0 0.00334666 94.5359 0.422374 4.78032e-05 1.5264e-05 0.182795 0 0.000203095 0.181453 86.4007 0.0342162 0 0.317919 0.224197 1.0643
4 1.28064 0.00132004 3.82734e-05 0.583845 0.00175355 0 0.0033466 94.5356 0.422374 4.80175e-05 1.52933e-05 0.182795 0 0.000202273 0.18213 86.4007 0.0342162 0 0.317919 0.223632 1.0643
4.02 1.28064 0.00132003 3.82692e-05 0.583845 0.00174731 0 0.00334653 94.5353 0.422374 4.82318e-05 1.53226e-05 0.182795 0 0.000201462 0.182806 86.4007 0.0342162 0 0.317919 0.223073 1.0643
4.04 1.28064 0.00132002 3.8265e-05 0.583845 0.00174101 0 0.00334646 94.535 0.422374 4.84461e-05 1.53518e-05 0.182795 0 0.000200665 0.183483 86.4007 0.0342162 0 0.317919 0.222518 1.0643
4.06 1.28064 0.00132 3.82608e-05 0.583845 0.00173466 0 0.00334639 94.5347 0.422374 4.86604e-05 1.53811e-05 0.182795 0 0.000199879 0.184159 86.4007 0.0342162 0 0.317919 0.221968 1.0643
4.08 1.28064 0.00131999 3.82567e-05 0.583844 0.00172827 0 0.00334633 94.5343 0.422374 4.88747e-05 1.54104e-05 0.182795 0 0.000199107 0.184836 86.4007 0.0342162 0 0.317919 0.221424 1.0643
4.1 1.28064 0.00131998 3.82526e-05 0.583844 0.00172182 0 0.00334627 94.534 0.422374 4.90889e-05 1.54396e-05 0.182795 0 0.000198347 0.185512 86.4007 0.0342162 0 0.317919 0.220885 1.0643
4.12 1.28064 0.00131996 3.82486e-05 0.583844 0.00171533 0 0.0033462 94.5337 0.422374 4.93031e-05 1.54689e-05 0.182795 0 0.000197599 0.186189 86.4007 0.0342162 0 0.317919 0.220351 1.0643
4.14 1.28064 0.00131995 3.82447e-05 0.583844 0.00170878 0 0.00334614 94.5334 0.422374 4.95173e-05 1.54981e-05 0.182795 0 0.000196864 0.186865 86.4007 0.0342162 0 0.317919 0.219822 1.0643
4.16 1.28046 0.00131993 3.82406e-05 0.583844 0.00170216 0 0.00334607 94.5331 0.422424 4.97314e-05 1.55274e-05 0.18262 0 0.000196097 0.187541 86.4007 0.0342162 0 0.317919 0.219296 1.0643
4.18 1.28046 0.00131992 3.82365e-05 0.583844 0.00169548 0 0.00334601 94.5328 0.422424 4.99456e-05 1.55567e-05 0.18262 0 0.000195309 0.188218 86.4007 0.0342162 0 0.317919 0.218775 1.0643
4.2 1.28046 0.0013199 3.82324e-05 0.583844 0.00168874 0 0.00334595 94.5324 0.422424 5.01597e-05 1.55859e-05 0.18262 0 0.000194522 0.188894 86.4007 0.0342162 0 0.317919 0.218258 1.0643
4.22 1.28046 0.00131989 3.82283e-05 0.583844 0.00168194 0 0.00334588 94.5321 0.422424 5.03738e-05 1.56152e-05 0.18262 0 0.000193733 0.18957 86.4007 0.0342163 0 0.317919 0.217745 1.0643
4.24 1.28046 0.00131988 3.82243e-05 0.583844 0.00167509 0 0.00334582 94.5318 0.422424 5.05879e-05 1.56444e-05 0.18262 0 0.000192944 0.190247 86.4007 0.0342163 0 0.317919 0.217237 1.0643
4.26 1.28046 0.00131986 3.82202e-05 0.583844 0.00166818 0 0.00334575 94.5314 0.422424 5.08019e-05 1.56737e-05 0.18262 0 0.000192155 0.190923 86.4007 0.0342163 0 0.317919 0.216734 1.0643
4.28 1.28046 0.00131985 3.82161e-05 0.583843 0.00166121 0 0.00334569 94.5311 0.422424 5.10159e-05 1.57029e-05 0.18262 0 0.000191365 0.1916 86.4007 0.0342163 0 0.317919 0.216236 1.0643
4.3 1.28046 0.00131983 3.82121e-05 0.583843 0.00165419 0 0.00334563 94.5307 0.422424 5.12299e-05 1.57322e-05 0.18262 0 0.000190574 0.192276 86.4007 0.0342163 0 0.317919 0.215742 1.0643
4.32 1.28046 0.00131982 3.8208e-05 0.583843 0.00164711 0 0.00334556 94.5304 0.422424 5.14439e-05 1.57614e-05 0.18262 0 0.000189783 0.192953 86.4007 0.0342163 0 0.317919 0.215253 1.0643
4.34 1.28028 0.0013198 3.8204e-05 0.583843 0.00163998 0 0.0033455 94.53 0.422485 5.16579e-05 1.57907e-05 0.182443 0 0.000189004 0.193629 86.4007 0.0342163 0 0.317919 0.214767 1.0643
4.36 1.28028 0.00131978 3.82001e-05 0.583843 0.00163284 0 0.00334544 94.5297 0.422485 5.18718e-05 1.58199e-05 0.182443 0 0.000188297 0.194305 86.4007 0.0342163 0 0.317919 0.214282 1.0643
4.38 1.28028 0.00131977 3.81963e-05 0.583843 0.00162565 0 0.00334538 94.5293 0.422485 5.20857e-05 1.58492e-05 0.182443 0 0.000187605 0.194982 86.4007 0.0342163 0 0.317919 0.2138 1.0643
4.4 1.28028 0.00131975 3.81924e-05 0.583843 0.00161842 0 0.00334532 94.529 0.422485 5.22996e-05 1.58784e-05 0.182443 0 0.000186928 0.195658 86.4007 0.0342163 0 0.317919 0.213322 1.0643
4.42 1.28028 0.00131974 3.81886e-05 0.583843 0.00161114 0 0.00334526 94.5286 0.422485 5.25135e-05 1.59077e-05 0.182443 0 0.000186267 0.196334 86.4007 0.0342163 0 0.317919 0.212847 1.0643
4.44 1.28028 0.00131972 3.81848e-05 0.583843 0.00160381 0 0.00334521 94.5283 0.422485 5.27273e-05 1.59369e-05 0.182443 0 0.000185621 0.197011 86.4007 0.0342163 0 0.317919 0.212377 1.0643
4.46 1.28028 0.00131971 3.81811e-05 0.583843 0.00159644 0 0.00334515 94.5279 0.422485 5.29412e-05 1.59661e-05 0.182443 0 0.00018499 0.197687 86.4007 0.0342163 0 0.317919 0.211909 1.0643
4.48 1.28028 0.00131969 3.81774e-05 0.583842 0.00158902 0 0.0033451 94.5275 0.422485 5.3155e-05 1.59954e-05 0.182443 0 0.000184374 0.198363 86.4007 0.0342163 0 0.317919 0.211446 1.0643
4.5 1.28028 0.00131967 3.81737e-05 0.583842 0.00158155 0 0.00334504 94.5272 0.422485 5.33687e-05 1.60246e-05 0.182443 0 0.000183774 0.199039 86.4007 0.0342163 0 0.317919 0.210986 1.0643
4.52 1.28028 0.00131966 3.81701e-05 0.583842 0.00157403 0 0.00334499 94.5268 0.422485 5.35825e-05 1.60539e-05 0.182443 0 0.000183188 0.199716 86.4007 0.0342163 0 0.317919 0.210529 1.0643
4.54 1.28012 0.00131964 3.81663e-05 0.583842 0.00156645 0 0.00334493 94.5264 0.422534 5.37963e-05 1.60831e-05 0.182277 0 0.000182572 0.200392 86.4007 0.0342163 0 0.317919 0.210075 1.0643
4.56 1.28012 0.00131962 3.81624e-05 0.583842 0.00155881 0 0.00334487 94.526 0.422534 5.401e-05 1.61123e-05 0.182277 0 0.000181935 0.201069 86.4007 0.0342163 0 0.317919 0.209623 1.0643
4.58 1.28012 0.00131961 3.81586e-05 0.583842 0.00155112 0 0.00334481 94.5256 0.422534 5.42237e-05 1.61416e-05 0.182277 0 0.000181299 0.201746 86.4007 0.0342163 0 0.317919 0.209174 1.0643
4.6 1.28012 0.00131959 3.81547e-05 0.583842 0.00154337 0 0.00334475 94.5253 0.422534 5.44373e-05 1.61708e-05 0.182277 0 0.000180665 0.202424 86.4007 0.0342163 0 0.317919 0.208728 1.0643
4.62 1.28012 0.00131957 3.81508e-05 0.583842 0.00153557 0 0.0033447 94.5249 0.422534 5.4651e-05 1.62001e-05 0.182277 0 0.000180032 0.203101 86.4007 0.0342163 0 0.317919 0.208286 1.0643
4.64 1.28012 0.00131956 3.81468e-05 0.583842 0.00152772 0 0.00334464 94.5244 0.422534 5.48646e-05 1.62293e-05 0.182277 0 0.000179401 0.203778 86.4007 0.0342163 0 0.317919 0.207846 1.0643
4.66 1.28012 0.00131954 3.81429e-05 0.583842 0.00151981 0 0.00334458 94.524 0.422534 5.50782e-05 1.62585e-05 0.182277 0 0.00017877 0.204456 86.4007 0.0342163 0 0.317919 0.20741 1.0643
4.68 1.28012 0.00131952 3.81389e-05 0.583841 0.00151186 0 0.00334452 94.5236 0.422534 5.52918e-05 1.62878e-05 0.182277 0 0.000178141 0.205134 86.4007 0.0342164 0 0.317919 0.206977 1.0643
4.7 1.28012 0.0013195 3.81349e-05 0.583841 0.00150385 0 0.00334446 94.5232 0.422534 5.55054e-05 1.6317e-05 0.182277 0 0.000177514 0.205812 86.4007 0.0342164 0 0.317919 0.206547 1.06429
4.72 1.27991 0.00131948 3.81309e-05 0.583841 0.00149579 0 0.0033444 94.5228 0.422613 5.57189e-05 1.63462e-05 0.182084 0 0.00017689 0.20649 86.4007 0.0342164 0 0.317919 0.20612 1.06429
4.74 1.27991 0.00131946 3.81269e-05 0.583841 0.00148769 0 0.00334434 94.5223 0.422613 5.59325e-05 1.63754e-05 0.182084 0 0.000176287 0.207168 86.4007 0.0342164 0 0.317919 0.205693 1.06429
4.76 1.27991 0.00131944 3.81228e-05 0.583841 0.00147955 0 0.00334428 94.5219 0.422613 5.6146e-05 1.64047e-05 0.182084 0 0.000175689 0.207847 86.4007 0.0342164 0 0.317919 0.20527 1.06429
4.78 1.27991 0.00131942 3.81187e-05 0.583841 0.00147136 0 0.00334422 94.5215 0.422613 5.63594e-05 1.64339e-05 0.182084 0 0.000175096 0.208526 86.4007 0.0342164 0 0.317919 0.204849 1.06429
4.8 1.27991 0.0013194 3.81145e-05 0.583841 0.00146312 0 0.00334416 94.521 0.422613 5.65729e-05 1.64631e-05 0.182084 0 0.000174509 0.209206 86.4007 0.0342164 0 0.317919 0.204431 1.06429
4.82 1.27991 0.00131938 3.81103e-05 0.583841 0.00145484 0 0.00334409 94.5205 0.422613 5.67863e-05 1.64923e-05 0.182084 0 0.000173927 0.209885 86.4007 0.0342164 0 0.317919 0.204015 1.06429
4.84 1.27991 0.00131936 3.81061e-05 0.583841 0.0014465 0 0.00334403 94.5201 0.422613 5.69997e-05 1.65216e-05 0.182084 0 0.00017335 0.210565 86.4007 0.0342164 0 0.317919 0.203602 1.06429
4.86 1.27991 0.00131934 3.81019e-05 0.583841 0.00143812 0 0.00334397 94.5196 0.422613 5.72131e-05 1.65508e-05 0.182084 0 0.000172779 0.211245 86.4007 0.0342164 0 0.317919 0.203192 1.06429
4.88 1.27991 0.00131932 3.80976e-05 0.58384 0.00142968 0 0.00334391 94.5191 0.422613 5.74264e-05 1.658e-05 0.182084 0 0.000172213 0.211925 86.4007 0.0342164 0 0.317919 0.202785 1.06429
4.9 1.27991 0.0013193 3.80933e-05 0.58384 0.0014212 0 0.00334385 94.5186 0.422613 5.76398e-05 1.66092e-05 0.182084 0 0.000171653 0.212606 86.4007 0.0342164 0 0.317919 0.20238 1.06429
4.92 1.27969 0.00131928 3.8089e-05 0.58384 0.00141268 0 0.00334378 94.5181 0.422691 5.78531e-05 1.66384e-05 0.181861 0 0.000171091 0.213287 86.4007 0.0342164 0 0.317919 0.201977 1.06429
4.94 1.27969 0.00131926 3.80845e-05 0.58384 0.00140411 0 0.00334372 94.5176 0.422691 5.80664e-05 1.66677e-05 0.181861 0 0.00017053 0.213969 86.4007 0.0342164 0 0.317919 0.201577 1.06429
4.96 1.27969 0.00131923 3.80799e-05 0.58384 0.0013955 0 0.00334365 94.5171 0.422691 5.82796e-05 1.66969e-05 0.181861 0 0.00016997 0.214651 86.4007 0.0342164 0 0.317919 0.201179 1.06429
4.98 1.27969 0.00131921 3.80753e-05 0.58384 0.00138684 0 0.00334358 94.5166 0.422691 5.84928e-05 1.67261e-05 0.181861 0 0.000169413 0.215333 86.4007 0.0342164 0 0.317919 0.200783 1.06429
5 1.27969 0.00131919 3.80706e-05 0.58384 0.00137814 0 0.00334352 94.516 0.422691 5.8706e-05 1.67553e-05 0.181861 0 0.000168857 0.216017 86.4007 0.0342164 0 0.317919 0.200389 1.06429
5.02 1.27969 0.00131916 3.80659e-05 0.58384 0.0013694 0 0.00334345 94.5155 0.422691 5.89192e-05 1.67845e-05 0.181861 0 0.000168302 0.2167 86.4007 0.0342164 0 0.317919 0.199998 1.06429
5.04 1.27969 0.00131914 3.8061e-05 0.58384 0.00136061 0 0.00334338 94.5149 0.422691 5.91324e-05 1.68137e-05 0.181861 0 0.000167749 0.217384 86.4007 0.0342165 0 0.317919 0.199609 1.06429
5.06 1.27969 0.00131911 3.80561e-05 0.58384 0.00135178 0 0.00334331 94.5143 0.422691 5.93455e-05 1.68429e-05 0.181861 0 0.000167196 0.218069 86.4007 0.0342165 0 0.317919 0.199222 1.06429
5.08 1.27969 0.00131909 3.80511e-05 0.583839 0.00134291 0 0.00334323 94.5138 0.422691 5.95586e-05 1.68721e-05 0.181861 0 0.000166644 0.218754 86.4007 0.0342165 0 0.317919 0.198838 1.06429
5.1 1.27945 0.00131906 3.8046e-05 0.583839 0.00133399 0 0.00334316 94.5132 0.422787 5.97717e-05 1.69013e-05 0.181605 0 0.000166093 0.21944 86.4007 0.0342165 0 0.317919 0.198455 1.06429
5.12 1.27945 0.00131904 3.80409e-05 0.583839 0.00132501 0 0.00334309 94.5126 0.422787 5.99847e-05 1.69305e-05 0.181605 0 0.000165555 0.220126 86.4007 0.0342165 0 0.317919 0.198075 1.06429
5.14 1.27945 0.00131901 3.80357e-05 0.583839 0.00131598 0 0.00334301 94.5119 0.422787 6.01977e-05 1.69597e-05 0.181605 0 0.000165021 0.220813 86.4007 0.0342165 0 0.317919 0.197696 1.06429
5.16 1.27945 0.00131898 3.80305e-05 0.583839 0.0013069 0 0.00334294 94.5113 0.422787 6.04107e-05 1.69889e-05 0.181605 0 0.00016449 0.2215 86.4007 0.0342165 0 0.317919 0.19732 1.06429
5.18 1.27945 0.00131895 3.80252e-05 0.583839 0.00129777 0 0.00334286 94.5107 0.422787 6.06236e-05 1.70181e-05 0.181605 0 0.000163963 0.222188 86.4007 0.0342165 0 0.317919 0.196945 1.06429
5.2 1.27945 0.00131893 3.80198e-05 0.583839 0.0012886 0 0.00334279 94.51 0.422787 6.08366e-05 1.70473e-05 0.181605 0 0.000163441 0.222876 86.4007 0.0342165 0 0.317919 0.196572 1.06429
5.22 1.27945 0.0013189 3.80144e-05 0.583839 0.00127937 0 0.00334271 94.5094 0.422787 6.10495e-05 1.70765e-05 0.181605 0 0.000162922 0.223564 86.4007 0.0342165 0 0.317919 0.196202 1.06429
5.24 1.27945 0.00131887 3.80089e-05 0.583839 0.0012701 0 0.00334263 94.5087 0.422787 6.12623e-05 1.71057e-05 0.181605 0 0.000162408 0.224253 86.4007 0.0342165 0 0.317919 0.195833 1.06429
5.26 1.27945 0.00131884 3.80033e-05 0.583839 0.00126077 0 0.00334255 94.508 0.422787 6.14752e-05 1.71349e-05 0.181605 0 0.000161898 0.224943 86.4007 0.0342165 0 0.317919 0.195466 1.06429
5.28 1.27945 0.00131881 3.79976e-05 0.583838 0.0012514 0 0.00334247 94.5073 0.422787 6.1688e-05 1.71641e-05 0.181605 0 0.000161392 0.225633 86.4007 0.0342165 0 0.317919 0.195101 1.06429
5.3 1.2792 0.00131878 3.79918e-05 0.583838 0.001242 0 0.00334239 94.5066 0.422886 6.19007e-05 1.71933e-05 0.181334 0 0.000160887 0.226324 86.4007 0.0342165 0 0.317919 0.194737 1.06429
5.32 1.2792 0.00131874 3.79859e-05 0.583838 0.00123257 0 0.00334231 94.5059 0.422886 6.21135e-05 1.72225e-05 0.181334 0 0.000160381 0.227016 86.4007 0.0342166 0 0.317919 0.194376 1.06429
5.34 1.2792 0.00131871 3.79798e-05 0.583838 0.00122311 0 0.00334222 94.5051 0.422886 6.23262e-05 1.72517e-05 0.181334 0 0.000159878 0.227709 86.4007 0.0342166 0 0.317919 0.194016 1.06429
5.36 1.2792 0.00131868 3.79737e-05 0.583838 0.00121361 0 0.00334214 94.5044 0.422886 6.25388e-05 1.72808e-05 0.181334 0 0.000159378 0.228402 86.4007 0.0342166 0 0.317919 0.193659 1.06429
5.38 1.2792 0.00131864 3.79674e-05 0.583838 0.00120407 0 0.00334205 94.5036 0.422886 6.27514e-05 1.731e-05 0.181334 0 0.000158879 0.229096 86.4007 0.0342166 0 0.317919 0.193303 1.06429
5.4 1.2792 0.00131861 3.7961e-05 0.583838 0.0011945 0 0.00334196 94.5028 0.422886 6.2964e-05 1.73392e-05 0.181334 0 0.000158382 0.229791 86.4007 0.0342166 0 0.317919 0.192948 1.06429
5.42 1.2792 0.00131857 3.79545e-05 0.583838 0.0011849 0 0.00334187 94.502 0.422886 6.31766e-05 1.73684e-05 0.181334 0 0.000157887 0.230486 86.4007 0.0342166 0 0.317919 0.192596 1.06429
5.44 1.2792 0.00131854 3.79479e-05 0.583838 0.00117526 0 0.00334178 94.5011 0.422886 6.33891e-05 1.73976e-05 0.181334 0 0.000157394 0.231182 86.4007 0.0342166 0 0.317919 0.192245 1.06429
5.46 1.2792 0.0013185 3.79411e-05 0.583838 0.0011656 0 0.00334168 94.5003 0.422886 6.36016e-05 1.74267e-05 0.181334 0 0.000156903 0.231879 86.4007 0.0342166 0 0.317919 0.191895 1.06429
5.48 1.27886 0.00131846 3.79342e-05 0.583837 0.00115589 0 0.00334159 94.4994 0.423043 6.3814e-05 1.74559e-05 0.180989 0 0.000156414 0.232577 86.4007 0.0342166 0 0.317919 0.191548 1.06429
5.5 1.27886 0.00131843 3.79272e-05 0.583837 0.00114611 0 0.00334149 94.4985 0.423043 6.40265e-05 1.74851e-05 0.180989 0 0.000155931 0.233276 86.4007 0.0342166 0 0.317919 0.191201 1.06429
5.52 1.27886 0.00131839 3.792e-05 0.583837 0.00113629 0 0.00334139 94.4976 0.423043 6.42388e-05 1.75142e-05 0.180989 0 0.000155451 0.233977 86.4007 0.0342167 0 0.317919 0.190857 1.06429
5.54 1.27886 0.00131835 3.79126e-05 0.583837 0.00112642 0 0.00334129 94.4967 0.423043 6.44511e-05 1.75434e-05 0.180989 0 0.000154974 0.234678 86.4007 0.0342167 0 0.317919 0.190514 1.06429
5.56 1.27886 0.0013183 3.79051e-05 0.583837 0.00111651 0 0.00334118 94.4957 0.423043 6.46634e-05 1.75726e-05 0.180989 0 0.0001545 0.23538 86.4007 0.0342167 0 0.317919 0.190172 1.06428
5.58 1.27886 0.00131826 3.78974e-05 0.583837 0.00110656 0 0.00334108 94.4948 0.423043 6.48757e-05 1.76017e-05 0.180989 0 0.000154028 0.236084 86.4007 0.0342167 0 0.317919 0.189832 1.06428
5.6 1.27886 0.00131822 3.78896e-05 0.583837 0.00109656 0 0.00334097 94.4938 0.423043 6.50879e-05 1.76309e-05 0.180989 0 0.00015356 0.236789 86.4007 0.0342167 0 0.317919 0.189493 1.06428
5.62 1.27886 0.00131817 3.78816e-05 0.583837 0.00108651 0 0.00334086 94.4928 0.423043 6.53e-05 1.766e-05 0.180989 0 0.000153096 0.237495 86.4007 0.0342167 0 0.317919 0.189155 1.06428
5.64 1.27886 0.00131813 3.78735e-05 0.583837 0.00107642 0 0.00334075 94.4917 0.423043 6.55121e-05 1.76892e-05 0.180989 0 0.000152634 0.238202 86.4007 0.0342167 0 0.317919 0.188819 1.06428
5.66 1.27886 0.00131808 3.78651e-05 0.583837 0.00106628 0 0.00334063 94.4906 0.423043 6.57242e-05 1.77183e-05 0.180989 0 0.000152175 0.23891 86.4007 0.0342167 0 0.317919 0.188485 1.06428
5.68 1.27847 0.00131803 3.78565e-05 0.583837 0.00105615 0 0.00334051 94.4895 0.423196 6.59362e-05 1.77475e-05 0.180553 0 0.000151716 0.23962 86.4007 0.0342167 0 0.317919 0.188151 1.06428
5.7 1.27847 0.00131799 3.78477e-05 0.583836 0.00104603 0 0.00334039 94.4884 0.423196 6.61481e-05 1.77766e-05 0.180553 0 0.000151257 0.240332 86.4007 0.0342168 0 0.317919 0.187819 1.06428
5.72 1.27847 0.00131794 3.78387e-05 0.583836 0.0010359 0 0.00334027 94.4873 0.423196 6.63601e-05 1.78058e-05 0.180553 0 0.000150799 0.241045 86.4007 0.0342168 0 0.317919 0.187489 1.06428
5.74 1.27847 0.00131788 3.78295e-05 0.583836 0.00102575 0 0.00334014 94.4861 0.423196 6.65719e-05 1.78349e-05 0.180553 0 0.000150341 0.24176 86.4007 0.0342168 0 0.317919 0.18716 1.06428
5.76 1.27847 0.00131783 3.782e-05 0.583836 0.00101559 0 0.00334001 94.4849 0.423196 6.67837e-05 1.78641e-05 0.180553 0 0.000149885 0.242476 86.4007 0.0342168 0 0.317919 0.186832 1.06428
5.78 1.27847 0.00131778 3.78104e-05 0.583836 0.00100542 0 0.00333988 94.4836 0.423196 6.69955e-05 1.78932e-05 0.180553 0 0.00014943 0.243194 86.4007 0.0342168 0 0.317919 0.186505 1.06428
5.8 1.27847 0.00131772 3.78004e-05 0.583836 0.000995246 0 0.00333975 94.4824 0.423196 6.72072e-05 1.79223e-05 0.180553 0 0.000148975 0.243914 86.4007 0.0342168 0 0.317919 0.18618 1.06428
5.82 1.27847 0.00131767 3.77902e-05 0.583836 0.000985067 0 0.00333961 94.481 0.423196 6.74188e-05 1.79515e-05 0.180553 0 0.000148521 0.244636 86.4007 0.0342168 0 0.317919 0.185856 1.06428
5.84 1.27847 0.00131761 3.77798e-05 0.583836 0.000974886 0 0.00333947 94.4797 0.423196 6.76304e-05 1.79806e-05 0.180553 0 0.000148067 0.245359 86.4007 0.0342169 0 0.317919 0.185533 1.06428
5.86 1.27794 0.00131755 3.77691e-05 0.583836 0.0009647 0 0.00333932 94.4783 0.423443 6.78419e-05 1.80097e-05 0.179961 0 0.000147614 0.246085 86.4007 0.0342169 0 0.317919 0.185211 1.06428
5.88 1.27794 0.00131749 3.77579e-05 0.583836 0.00095446 0 0.00333917 94.4769 0.423443 6.80534e-05 1.80388e-05 0.179961 0 0.000147167 0.246813 86.4007 0.0342169 0 0.317919 0.18489 1.06428
5.9 1.27794 0.00131742 3.77464e-05 0.583836 0.000944201 0 0.00333901 94.4754 0.423443 6.82648e-05 1.80679e-05 0.179961 0 0.000146721 0.247545 86.4007 0.0342169 0 0.317919 0.18457 1.06428
5.92 1.27794 0.00131736 3.77345e-05 0.583835 0.000933923 0 0.00333885 94.4739 0.423443 6.84761e-05 1.8097e-05 0.179961 0 0.000146277 0.248279 86.4007 0.0342169 0 0.317919 0.184251 1.06428
5.94 1.27794 0.00131729 3.77222e-05 0.583835 0.000923624 0 0.00333868 94.4723 0.423443 6.86874e-05 1.81261e-05 0.179961 0 0.000145836 0.249016 86.4007 0.0342169 0 0.317919 0.183933 1.06428
5.96 1.27794 0.00131722 3.77095e-05 0.583835 0.000913302 0 0.00333851 94.4707 0.423443 6.88986e-05 1.81552e-05 0.179961 0 0.000145397 0.249755 86.4007 0.034217 0 0.317919 0.183616 1.06428
5.98 1.27794 0.00131714 3.76963e-05 0.583835 0.000902956 0 0.00333834 94.4691 0.423443 6.91097e-05 1.81843e-05 0.179961 0 0.000144961 0.250498 86.4007 0.034217 0 0.317919 0.1833 1.06428
6 1.27794 0.00131707 3.76827e-05 0.583835 0.000892582 0 0.00333815 94.4673 0.423443 6.93207e-05 1.82134e-05 0.179961 0 0.000144528 0.251244 86.4007 0.034217 0 0.317919 0.182985 1.06427
6.02 1.27794 0.00131699 3.76686e-05 0.583835 0.000882179 0 0.00333796 94.4656 0.423443 6.95317e-05 1.82425e-05 0.179961 0 0.000144099 0.251994 86.4007 0.034217 0 0.317919 0.18267 1.06427
6.04 1.27794 0.00131691 3.76539e-05 0.583835 0.000871744 0 0.00333777 94.4637 0.423443 6.97426e-05 1.82716e-05 0.179961 0 0.000143673 0.252747 86.4007 0.034217 0 0.317919 0.182356 1.06427
6.06 1.27725 0.00131683 3.76389e-05 0.583835 0.000861238 0 0.00333757 94.4618 0.423741 6.99534e-05 1.83007e-05 0.179172 0 0.000143246 0.253503 86.4007 0.0342171 0 0.317919 0.182043 1.06427
6.08 1.27725 0.00131675 3.76235e-05 0.583835 0.000850649 0 0.00333736 94.4599 0.423741 7.01642e-05 1.83298e-05 0.179172 0 0.000142817 0.254262 86.4007 0.0342171 0 0.317919 0.181731 1.06427
6.1 1.27725 0.00131666 3.76077e-05 0.583835 0.000839992 0 0.00333715 94.4579 0.423741 7.03748e-05 1.83589e-05 0.179172 0 0.000142388 0.255025 86.4007 0.0342171 0 0.317919 0.18142 1.06427
6.12 1.27725 0.00131657 3.75914e-05 0.583835 0.000829257 0 0.00333693 94.4558 0.423741 7.05854e-05 1.83879e-05 0.179172 0 0.000141959 0.255791 86.4007 0.0342171 0 0.317919 0.181109 1.06427
6.14 1.27725 0.00131648 3.75745e-05 0.583834 0.000818438 0 0.00333671 94.4537 0.423741 7.07958e-05 1.8417e-05 0.179172 0 0.000141531 0.256561 86.4007 0.0342172 0 0.317919 0.180798 1.06427
6.16 1.27725 0.00131638 3.75572e-05 0.583834 0.000807525 0 0.00333648 94.4515 0.423741 7.10062e-05 1.8446e-05 0.179172 0 0.000141102 0.257334 86.4007 0.0342172 0 0.317919 0.180488 1.06427
6.18 1.27725 0.00131629 3.75394e-05 0.583834 0.000796508 0 0.00333624 94.4493 0.423741 7.12165e-05 1.84751e-05 0.179172 0 0.000140673 0.258112 86.4007 0.0342172 0 0.317919 0.180179 1.06427
6.2 1.27725 0.00131619 3.7521e-05 0.583834 0.000785379 0 0.003336 94.447 0.423741 7.14266e-05 1.85041e-05 0.179172 0 0.000140243 0.258893 86.4007 0.0342172 0 0.317919 0.17987 1.06427
6.22 1.27725 0.00131608 3.75021e-05 0.583834 0.000774126 0 0.00333574 94.4446 0.423741 7.16367e-05 1.85332e-05 0.179172 0 0.000139811 0.259679 86.4007 0.0342173 0 0.317919 0.179562 1.06427
6.24 1.27631 0.00131598 3.74827e-05 0.583834 0.000762771 0 0.00333549 94.4421 0.424172 7.18466e-05 1.85622e-05 0.178108 0 0.000139379 0.260469 86.4007 0.0342173 0 0.317919 0.179254 1.06427
6.26 1.27631 0.00131587 3.74624e-05 0.583834 0.000751711 0 0.00333522 94.4396 0.424172 7.20565e-05 1.85913e-05 0.178108 0 0.000138951 0.261265 86.4007 0.0342173 0 0.317919 0.178946 1.06426
6.28 1.27631 0.00131575 3.74414e-05 0.583834 0.000740669 0 0.00333494 94.4369 0.424172 7.22662e-05 1.86203e-05 0.178108 0 0.000138523 0.262066 86.4007 0.0342174 0 0.317919 0.178639 1.06426
6.3 1.27631 0.00131563 3.74197e-05 0.583834 0.000729662 0 0.00333465 94.4342 0.424172 7.24758e-05 1.86493e-05 0.178108 0 0.000138096 0.262872 86.4007 0.0342174 0 0.317919 0.178332 1.06426
6.32 1.27631 0.00131551 3.73973e-05 0.583834 0.000718707 0 0.00333435 94.4314 0.424172 7.26853e-05 1.86783e-05 0.178108 0 0.000137669 0.263684 86.4007 0.0342174 0 0.317919 0.178025 1.06426
6.34 1.27631 0.00131538 3.73742e-05 0.583834 0.000707821 0 0.00333405 94.4285 0.424172 7.28947e-05 1.87073e-05 0.178108 0 0.000137242 0.264501 86.4007 0.0342175 0 0.317919 0.177718 1.06426
6.36 1.27631 0.00131525 3.73502e-05 0.583834 0.000697025 0 0.00333373 94.4255 0.424172 7.31039e-05 1.87363e-05 0.178108 0 0.000136815 0.265325 86.4007 0.0342175 0 0.317919 0.177411 1.06426
6.38 1.27631 0.00131512 3.73255e-05 0.583833 0.00068634 0 0.0033334 94.4224 0.424172 7.3313e-05 1.87653e-05 0.178108 0 0.000136389 0.266154 86.4007 0.0342175 0 0.317919 0.177105 1.06426
6.4 1.27631 0.00131498 3.72999e-05 0.583833 0.000675788 0 0.00333306 94.4192 0.424172 7.35219e-05 1.87943e-05 0.178108 0 0.000135962 0.26699 86.4007 0.0342176 0 0.317919 0.176798 1.06426
6.42 1.27631 0.00131484 3.72734e-05 0.583833 0.000665393 0 0.00333271 94.4158 0.424172 7.37307e-05 1.88233e-05 0.178108 0 0.000135537 0.267833 86.4007 0.0342176 0 0.317919 0.176492 1.06426
6.44 1.27504 0.00131469 3.72458e-05 0.583833 0.000654825 0 0.00333235 94.4124 0.424841 7.39394e-05 1.88522e-05 0.176659 0 0.000135109 0.268683 86.4007 0.0342176 0 0.317919 0.176185 1.06425
6.46 1.27504 0.00131453 3.72172e-05 0.583833 0.000644012 0 0.00333197 94.4088 0.424841 7.41478e-05 1.88812e-05 0.176659 0 0.00013468 0.269543 86.4007 0.0342177 0 0.317919 0.175878 1.06425
6.48 1.27504 0.00131437 3.71874e-05 0.583833 0.00063316 0 0.00333158 94.4051 0.424841 7.43562e-05 1.89101e-05 0.176659 0 0.00013425 0.270412 86.4007 0.0342177 0 0.317919 0.175571 1.06425
6.5 1.27504 0.0013142 3.71565e-05 0.583833 0.000622254 0 0.00333117 94.4012 0.424841 7.45643e-05 1.89391e-05 0.176659 0 0.000133818 0.271289 86.4007 0.0342178 0 0.317919 0.175263 1.06425
6.52 1.27504 0.00131403 3.71244e-05 0.583833 0.00061128 0 0.00333075 94.3972 0.424841 7.47723e-05 1.8968e-05 0.176659 0 0.000133385 0.272176 86.4007 0.0342178 0 0.317919 0.174955 1.06425
6.54 1.27504 0.00131385 3.70911e-05 0.583833 0.000600222 0 0.00333031 94.3931 0.424841 7.49801e-05 1.89969e-05 0.176659 0 0.000132951 0.273072 86.4007 0.0342179 0 0.317919 0.174646 1.06425
6.56 1.27504 0.00131366 3.70564e-05 0.583833 0.000589062 0 0.00332986 94.3887 0.424841 7.51877e-05 1.90258e-05 0.176659 0 0.000132515 0.27398 86.4007 0.0342179 0 0.317919 0.174337 1.06425
6.58 1.27504 0.00131347 3.70204e-05 0.583833 0.000577783 0 0.00332938 94.3843 0.424841 7.53951e-05 1.90547e-05 0.176659 0 0.000132077 0.274898 86.4007 0.034218 0 0.317919 0.174027 1.06424
6.6 1.27504 0.00131327 3.69829e-05 0.583833 0.000566364 0 0.00332889 94.3796 0.424841 7.56023e-05 1.90836e-05 0.176659 0 0.000131638 0.275827 86.4007 0.034218 0 0.317919 0.173717 1.06424
6.62 1.2733 0.00131306 3.69439e-05 0.583833 0.000554827 0 0.00332838 94.3748 0.425605 7.58093e-05 1.91125e-05 0.174649 0 0.000131196 0.276769 86.4007 0.0342181 0 0.317919 0.173405 1.06424
6.64 1.2733 0.00131284 3.69031e-05 0.583833 0.000543859 0 0.00332784 94.3697 0.425605 7.6016e-05 1.91414e-05 0.174649 0 0.000130751 0.277726 86.4007 0.0342181 0 0.317919 0.173092 1.06424
6.66 1.2733 0.00131261 3.68605e-05 0.583833 0.000532981 0 0.00332729 94.3645 0.425605 7.62225e-05 1.91702e-05 0.174649 0 0.000130304 0.278698 86.4007 0.0342182 0 0.317919 0.172778 1.06424
6.68 1.2733 0.00131237 3.6816e-05 0.583832 0.000522215 0 0.0033267 94.359 0.425605 7.64288e-05 1.91991e-05 0.174649 0 0.000129855 0.279685 86.4007 0.0342182 0 0.317919 0.172462 1.06423
6.7 1.2733 0.00131213 3.67696e-05 0.583832 0.000511586 0 0.0033261 94.3533 0.425605 7.66348e-05 1.92279e-05 0.174649 0 0.000129402 0.280688 86.4007 0.0342183 0 0.317919 0.172146 1.06423
6.72 1.2733 0.00131187 3.67212e-05 0.583832 0.000501118 0 0.00332546 94.3473 0.425605 7.68406e-05 1.92567e-05 0.174649 0 0.000128946 0.281708 86.4007 0.0342184 0 0.317919 0.171827 1.06423
6.74 1.2733 0.0013116 3.66707e-05 0.583832 0.00049084 0 0.0033248 94.3411 0.425605 7.7046e-05 1.92855e-05 0.174649 0 0.000128486 0.282745 86.4007 0.0342185 0 0.317919 0.171507 1.06423
6.76 1.2733 0.00131132 3.66179e-05 0.583832 0.000480782 0 0.00332411 94.3346 0.425605 7.72512e-05 1.93143e-05 0.174649 0 0.000128023 0.283801 86.4007 0.0342185 0 0.317919 0.171185 1.06423
6.78 1.2733 0.00131103 3.65628e-05 0.583832 0.000470974 0 0.0033234 94.3279 0.425605 7.74561e-05 1.93431e-05 0.174649 0 0.000127555 0.284877 86.4007 0.0342186 0 0.317919 0.170861 1.06422
6.8 1.27111 0.00131072 3.65053e-05 0.583832 0.000461142 0 0.00332264 94.3208 0.42662 7.76607e-05 1.93718e-05 0.172108 0 0.000127083 0.285975 86.4007 0.0342187 0 0.317919 0.170534 1.06422
6.82 1.27111 0.0013104 3.6445e-05 0.583832 0.000451137 0 0.00332186 94.3134 0.42662 7.78649e-05 1.94006e-05 0.172108 0 0.000126606 0.287096 86.4007 0.0342188 0 0.317919 0.170205 1.06422
6.84 1.27111 0.00131007 3.63821e-05 0.583832 0.000441192 0 0.00332104 94.3057 0.42662 7.80688e-05 1.94293e-05 0.172108 0 0.000126123 0.28824 86.4007 0.0342189 0 0.317919 0.169874 1.06422
6.86 1.27111 0.00130972 3.63163e-05 0.583832 0.000431297 0 0.00332018 94.2976 0.42662 7.82724e-05 1.9458e-05 0.172108 0 0.000125634 0.289409 86.4007 0.034219 0 0.317919 0.169539 1.06421
6.88 1.27111 0.00130936 3.62476e-05 0.583832 0.000421441 0 0.00331929 94.2892 0.42662 7.84755e-05 1.94867e-05 0.172108 0 0.000125139 0.290604 86.4007 0.034219 0 0.317919 0.169201 1.06421
6.9 1.27111 0.00130898 3.61758e-05 0.583832 0.000411611 0 0.00331835 94.2804 0.42662 7.86783e-05 1.95153e-05 0.172108 0 0.000124638 0.291826 86.4007 0.0342191 0 0.317919 0.168861 1.06421
6.92 1.27111 0.00130858 3.61007e-05 0.583832 0.000401793 0 0.00331738 94.2712 0.42662 7.88807e-05 1.9544e-05 0.172108 0 0.00012413 0.293077 86.4007 0.0342193 0 0.317919 0.168516 1.0642
6.94 1.27111 0.00130816 3.60223e-05 0.583832 0.000391973 0 0.00331636 94.2616 0.42662 7.90826e-05 1.95726e-05 0.172108 0 0.000123615 0.294358 86.4007 0.0342194 0 0.317919 0.168169 1.0642
6.96 1.26803 0.00130773 3.59401e-05 0.583832 0.000382222 0 0.00331529 94.2515 0.428106 7.92841e-05 1.96012e-05 0.168542 0 0.000123092 0.295675 86.4007 0.0342195 0 0.317919 0.167816 1.0642
6.98 1.26803 0.00130727 3.5854e-05 0.583832 0.0003725 0 0.00331417 94.241 0.428106 7.94851e-05 1.96297e-05 0.168542 0 0.000122561 0.297027 86.4007 0.0342196 0 0.317919 0.16746 1.06419

