Time(min) prod sp3 fsc2 qsc2 fum Bypass qh psi fc1 ROS_c2 ROS_c3 fc2 [Ca²⁺]μM K_i OAAm psio Na_i OAAc Glu_o Glu_i ATP
0.02 4.11428 0.0013378 0.000103688 0.583798 0.000441444 0 0.00620807 94.8293 0.386328 2.93223e-06 1.10298e-05 0.493502 0 6.90162e-08 0.0163598 86.2726 1.19421 0 0.00155016 0.0493051 1.02907
0.04 1.08697 0.00197011 7.27558e-05 0.583833 0.000379278 0 0.00264714 107.901 0.217227 3.41664e-06 1.10724e-05 0.340384 0 1.94181e-07 0.0241107 86.3047 0.317745 0 0.00170187 0.0989896 1.08164
0.06 0.695096 0.00258677 5.67792e-05 0.583849 0.000366168 0 0.00167884 118.859 0.142806 3.77449e-06 1.11383e-05 0.270211 0 4.09301e-07 0.031597 86.3151 0.135176 0 0.00188464 0.148623 1.09334
0.08 0.579116 0.00266897 4.81903e-05 0.583858 0.000386852 0 0.00142368 120.305 0.0593912 4.06626e-06 1.12137e-05 0.22642 0 7.40062e-07 0.037881 86.3225 0.0990609 0 0.00210662 0.198192 1.09534
0.1 0.52913 0.00262592 4.28133e-05 0.583863 0.000434901 0 0.00131326 119.598 0.0564983 4.32017e-06 1.12842e-05 0.199636 0 1.20233e-06 0.0432713 86.3292 0.0920594 0 0.00238125 0.247673 1.09568
0.12 0.50226 0.00257413 3.87098e-05 0.583867 0.000511052 0 0.0012422 118.732 0.0679133 4.54818e-06 1.13484e-05 0.181676 0 1.7947e-06 0.0484675 86.3357 0.0904113 0 0.00272911 0.297034 1.09574
0.14 0.480614 0.00252583 3.50902e-05 0.583871 0.000623282 0 0.00118384 117.921 0.0738492 4.75475e-06 1.14076e-05 0.16548 0 2.50089e-06 0.0540613 86.3421 0.0899476 0 0.00318292 0.346229 1.09573
0.16 0.460892 0.00248198 3.16773e-05 0.583874 0.000790326 0 0.00113027 117.182 0.0787128 4.94164e-06 1.14624e-05 0.150027 0 3.29366e-06 0.0604451 86.3484 0.0895444 0 0.00379636 0.395182 1.09572
0.18 0.438142 0.00244199 2.84139e-05 0.583878 0.00104545 0 0.00107968 116.506 0.0834609 5.10982e-06 1.15135e-05 0.131917 0 4.14259e-06 0.0678912 86.3546 0.0889566 0 0.00466594 0.443769 1.09572
0.2 0.418409 0.00240665 2.5363e-05 0.583881 0.00144337 0 0.00103247 115.906 0.0874807 5.26029e-06 1.15613e-05 0.116591 0 5.02036e-06 0.0765148 86.3607 0.0879952 0 0.00596525 0.491773 1.09574
0.22 0.401601 0.00237853 2.2617e-05 0.583884 0.00208325 0 0.000988528 115.429 0.0911535 5.39447e-06 1.16064e-05 0.104469 0 5.91713e-06 0.0861404 86.367 0.0862518 0 0.00807522 0.538741 1.0958
0.24 0.388225 0.00236166 2.02769e-05 0.583886 0.00304564 0 0.000946986 115.145 0.0921778 5.51438e-06 1.16494e-05 0.0958851 0 6.83655e-06 0.0963429 86.3736 0.0829531 0 0.0117536 0.58379 1.09594
0.26 0.368926 0.00236212 1.83543e-05 0.583888 0.00426681 0 0.000903421 115.164 0.0917351 5.62236e-06 1.1691e-05 0.0861474 0 7.77009e-06 0.106624 86.3808 0.0766089 0 0.0185015 0.625181 1.09623
0.28 0.348495 0.0023848 1.68069e-05 0.583889 0.0055983 0 0.00085366 115.571 0.0882614 5.72065e-06 1.17318e-05 0.0789379 0 8.71156e-06 0.116582 86.3883 0.0661769 0 0.030269 0.660551 1.09671
0.3 0.327809 0.00242191 1.55562e-05 0.583891 0.00686806 0 0.000801735 116.228 0.0884237 5.81114e-06 1.17727e-05 0.0731247 0 9.62963e-06 0.126072 86.3942 0.0538946 0 0.0475889 0.68881 1.09731
0.32 0.311001 0.00245274 1.4533e-05 0.583892 0.00801867 0 0.000759684 116.772 0.0790015 5.8953e-06 1.18138e-05 0.0683653 0 1.05247e-05 0.135055 86.3977 0.0441619 0 0.0683286 0.71162 1.0978
0.34 0.299464 0.00246838 1.36785e-05 0.583893 0.00895112 0 0.000730992 117.049 0.0821501 5.97422e-06 1.18549e-05 0.0643829 0 1.14007e-05 0.143603 86.3994 0.0384032 0 0.0898544 0.731404 1.09809
0.36 0.292025 0.00247178 1.2952e-05 0.583893 0.00958226 0 0.000712612 117.112 0.0861596 6.04874e-06 1.18957e-05 0.0609975 0 1.2298e-05 0.151779 86.4001 0.0355632 0 0.110543 0.749793 1.09823
0.38 0.286916 0.00246902 1.23294e-05 0.583894 0.00990484 0 0.000700267 117.067 0.0799719 6.11951e-06 1.19361e-05 0.0581 0 1.32396e-05 0.15959 86.4004 0.0343205 0 0.129771 0.767526 1.09829
0.4 0.283219 0.00246396 1.1794e-05 0.583894 0.00997269 0 0.000691284 116.981 0.0805158 6.18705e-06 1.1976e-05 0.0556172 0 1.41414e-05 0.167002 86.4006 0.033785 0 0.14739 0.784907 1.09832
0.42 0.281295 0.00245859 1.13348e-05 0.583895 0.00986843 0 0.000684229 116.889 0.0810072 6.25183e-06 1.20155e-05 0.0541622 0 1.51006e-05 0.173966 86.4007 0.0335308 0 0.163446 0.802042 1.09833
0.44 0.278055 0.00245349 1.0941e-05 0.583895 0.00966556 0 0.000678506 116.802 0.0813152 6.31423e-06 1.20546e-05 0.0516774 0 1.60972e-05 0.180449 86.4007 0.0334067 0 0.178038 0.818976 1.09834
0.46 0.275511 0.00244885 1.0604e-05 0.583895 0.00941643 0 0.000673795 116.723 0.0825141 6.37457e-06 1.20934e-05 0.0496664 0 1.71344e-05 0.186435 86.4007 0.0333454 0 0.191268 0.835728 1.09834
0.48 0.273544 0.00244473 1.03152e-05 0.583896 0.00916212 0 0.000669871 116.653 0.0824111 6.43311e-06 1.21318e-05 0.0480416 0 1.8216e-05 0.191925 86.4008 0.0333137 0 0.203249 0.852305 1.09834
0.5 0.273544 0.00244113 1.00691e-05 0.583896 0.00893555 0 0.000666582 116.591 0.0824111 6.49015e-06 1.217e-05 0.0480416 0 1.93489e-05 0.196926 86.4008 0.0332852 0 0.214097 0.868711 1.09834
0.52 0.271917 0.002438 9.85758e-06 0.583896 0.00875132 0 0.000663791 116.537 0.0836129 6.54591e-06 1.22079e-05 0.04673 0 2.05252e-05 0.201466 86.4008 0.0332561 0 0.223922 0.884943 1.09834
0.54 0.270718 0.00243526 9.67598e-06 0.583896 0.00861708 0 0.000661431 116.49 0.0842391 6.60061e-06 1.22457e-05 0.0456576 0 2.17542e-05 0.205575 86.4008 0.0332274 0 0.232828 0.900998 1.09834
0.56 0.269835 0.00243278 9.5233e-06 0.583896 0.00852571 0 0.000659526 116.448 0.08411 6.65438e-06 1.22834e-05 0.0447804 0 2.30549e-05 0.209294 86.4008 0.0332108 0 0.240902 0.916869 1.09834
0.58 0.269835 0.00243056 9.38591e-06 0.583897 0.00846956 0 0.00065789 116.41 0.08411 6.70735e-06 1.23208e-05 0.0447804 0 2.43152e-05 0.212655 86.4008 0.033203 0 0.248216 0.932554 1.09834
0.6 0.26917 0.00242854 9.27357e-06 0.583897 0.00844467 0 0.000656601 116.375 0.0823022 6.75963e-06 1.23582e-05 0.0440719 0 2.5788e-05 0.215685 86.4009 0.0331994 0 0.254837 0.948047 1.09834
0.62 0.268595 0.00242673 9.18287e-06 0.583897 0.00844746 0 0.000655606 116.344 0.0843493 6.81133e-06 1.23955e-05 0.0435104 0 2.73991e-05 0.218408 86.4009 0.0331948 0 0.260844 0.963344 1.09834
0.64 0.26824 0.00242511 9.09261e-06 0.583897 0.00847865 0 0.00065469 116.316 0.0844982 6.86252e-06 1.24326e-05 0.0431057 0 2.86484e-05 0.220837 86.4009 0.0331892 0 0.266281 0.978439 1.09834
0.66 0.26824 0.00242364 9.0236e-06 0.583897 0.00853642 0 0.000654046 116.291 0.0844982 6.91328e-06 1.24697e-05 0.0431057 0 3.01802e-05 0.222989 86.4009 0.0331842 0 0.271205 0.993329 1.09834
0.68 0.268013 0.00242232 8.96735e-06 0.583897 0.00861912 0 0.000653591 116.268 0.0847054 6.96369e-06 1.25067e-05 0.0427944 0 3.17781e-05 0.224883 86.4009 0.0331801 0 0.275666 1.00801 1.09834
0.7 0.267872 0.00242113 8.92199e-06 0.583897 0.00872564 0 0.000653305 116.247 0.0847971 7.01382e-06 1.25437e-05 0.0425539 0 3.34205e-05 0.226528 86.4009 0.0331768 0 0.279701 1.02247 1.09834
0.72 0.267823 0.00242006 8.88671e-06 0.583897 0.00885511 0 0.000653171 116.229 0.0849009 7.06371e-06 1.25806e-05 0.0423863 0 3.51114e-05 0.227936 86.4009 0.0331741 0 0.28335 1.03671 1.09834
0.74 0.267969 0.0024191 8.86143e-06 0.583897 0.00900709 0 0.000653186 116.212 0.0851443 7.11343e-06 1.26175e-05 0.0422443 0 3.68628e-05 0.229118 86.4009 0.0331719 0 0.286648 1.05073 1.09834
0.76 0.267969 0.00241824 8.84547e-06 0.583897 0.0091819 0 0.000653339 116.197 0.0851443 7.16302e-06 1.26543e-05 0.0422443 0 3.86731e-05 0.230081 86.4009 0.0331701 0 0.289627 1.06452 1.09834
0.78 0.267969 0.00241748 8.83834e-06 0.583897 0.00937965 0 0.000653623 116.184 0.0851443 7.21254e-06 1.26911e-05 0.0422443 0 4.05426e-05 0.230832 86.4009 0.0331686 0 0.292312 1.07808 1.09834
0.8 0.268416 0.00241681 8.8396e-06 0.583897 0.0096012 0 0.000654034 116.172 0.0855016 7.26202e-06 1.27279e-05 0.0423453 0 4.24701e-05 0.23138 86.4009 0.0331672 0 0.294736 1.0914 1.09834
0.82 0.268416 0.00241624 8.84878e-06 0.583897 0.00984714 0 0.000654564 116.162 0.0855016 7.31153e-06 1.27647e-05 0.0423453 0 4.44551e-05 0.231731 86.4009 0.033166 0 0.296928 1.10448 1.09834
0.84 0.269129 0.00241575 8.8656e-06 0.583897 0.0101186 0 0.000655208 116.153 0.0853108 7.36112e-06 1.28015e-05 0.0426601 0 4.65006e-05 0.231893 86.4009 0.0331649 0 0.298913 1.11731 1.09834
0.86 0.269129 0.00241534 8.8903e-06 0.583897 0.0104183 0 0.000655966 116.146 0.0853108 7.41082e-06 1.28382e-05 0.0426601 0 4.86173e-05 0.231868 86.4009 0.0331638 0 0.300709 1.1299 1.09834
0.88 0.269129 0.00241502 8.92244e-06 0.583897 0.0107469 0 0.000656832 116.14 0.0853108 7.46069e-06 1.2875e-05 0.0426601 0 5.08054e-05 0.231665 86.4009 0.0331628 0 0.302345 1.14223 1.09834
0.9 0.270113 0.00241478 8.96189e-06 0.583897 0.0111087 0 0.000657807 116.136 0.0858384 7.51076e-06 1.29118e-05 0.0431906 0 5.30501e-05 0.231284 86.4009 0.033162 0 0.303824 1.15432 1.09834
0.92 0.270113 0.00241463 9.00842e-06 0.583897 0.0115056 0 0.000658889 116.133 0.0858384 7.56107e-06 1.29486e-05 0.0431906 0 5.53512e-05 0.230729 86.4009 0.0331614 0 0.305167 1.16614 1.09834
0.94 0.271347 0.00241456 9.06232e-06 0.583896 0.011941 0 0.000660079 116.131 0.0849576 7.61168e-06 1.29855e-05 0.0439385 0 5.77248e-05 0.230003 86.4009 0.0331608 0 0.306387 1.1777 1.09834
0.96 0.271347 0.00241458 9.12439e-06 0.583896 0.0124197 0 0.00066138 116.131 0.0849576 7.6626e-06 1.30223e-05 0.0439385 0 6.02059e-05 0.229108 86.4009 0.0331603 0 0.30749 1.189 1.09834
0.98 0.272853 0.00241468 9.19452e-06 0.583896 0.0129444 0 0.000662792 116.132 0.0863904 7.7139e-06 1.30593e-05 0.0449122 0 6.27949e-05 0.228046 86.4009 0.0331598 0 0.30849 1.20004 1.09834
1 0.272853 0.00241488 9.27173e-06 0.583896 0.0135221 0 0.000664312 116.135 0.0863904 7.7656e-06 1.30962e-05 0.0449122 0 6.53991e-05 0.226819 86.4009 0.0331594 0 0.309392 1.21082 1.09834
1.02 0.272853 0.00241518 9.35621e-06 0.583896 0.0141562 0 0.000665942 116.14 0.0863904 7.81776e-06 1.31332e-05 0.0449122 0 6.80287e-05 0.225429 86.4009 0.0331591 0 0.310207 1.22133 1.09834
1.04 0.274601 0.00241557 9.4492e-06 0.583896 0.0148532 0 0.000667691 116.146 0.0834454 7.87041e-06 1.31703e-05 0.0461241 0 7.07686e-05 0.223877 86.4009 0.0331588 0 0.310944 1.23158 1.09834
1.06 0.274601 0.00241606 9.55244e-06 0.583896 0.0156205 0 0.000669573 116.154 0.0834454 7.92362e-06 1.32075e-05 0.0461241 0 7.37409e-05 0.222162 86.4009 0.0331585 0 0.311608 1.24156 1.09834
1.08 0.27669 0.00241663 9.66579e-06 0.583896 0.016465 0 0.000671588 116.163 0.0849675 7.97742e-06 1.32447e-05 0.0476075 0 7.69153e-05 0.220287 86.4009 0.0331582 0 0.312211 1.25127 1.09834
1.1 0.27669 0.00241736 9.78652e-06 0.583896 0.0174113 0 0.000673717 116.175 0.0849675 8.03197e-06 1.3282e-05 0.0476075 0 7.99616e-05 0.218253 86.4009 0.0331579 0 0.312763 1.26073 1.09834
1.12 0.27669 0.00241821 9.91579e-06 0.583895 0.0184479 0 0.000675968 116.19 0.0849675 8.08719e-06 1.33194e-05 0.0476075 0 8.30243e-05 0.216058 86.4009 0.0331577 0 0.31326 1.26992 1.09834
1.14 0.279037 0.00241919 1.00562e-05 0.583895 0.0195968 0 0.000678371 116.206 0.0836732 8.14321e-06 1.33569e-05 0.0493956 0 8.62366e-05 0.213704 86.4009 0.0331575 0 0.313711 1.27886 1.09834
1.16 0.279037 0.0024203 1.02085e-05 0.583895 0.0208643 0 0.000680933 116.224 0.0836732 8.20006e-06 1.33945e-05 0.0493956 0 8.96352e-05 0.211189 86.4009 0.0331573 0 0.31412 1.28754 1.09834
1.18 0.281818 0.00242154 1.03722e-05 0.583895 0.0222525 0 0.000683652 116.245 0.0853109 8.25776e-06 1.34322e-05 0.0515373 0 9.31741e-05 0.208513 86.4009 0.0331571 0 0.314486 1.29597 1.09834
1.2 0.281818 0.00242297 1.05496e-05 0.583895 0.0238026 0 0.000686556 116.269 0.0853109 8.31651e-06 1.34701e-05 0.0515373 0 9.68432e-05 0.205672 86.4009 0.033157 0 0.314821 1.30414 1.09834
1.22 0.281818 0.00242455 1.07394e-05 0.583895 0.0254947 0 0.000689631 116.295 0.0853109 8.37621e-06 1.35081e-05 0.0515373 0 0.000100647 0.202668 86.4009 0.0331569 0 0.315121 1.31207 1.09834
1.24 0.285031 0.00242633 1.0945e-05 0.583894 0.0273733 0 0.000692921 116.325 0.0851795 8.4371e-06 1.35463e-05 0.0541153 0 0.000104604 0.199499 86.4009 0.0331567 0 0.315394 1.31976 1.09834
1.26 0.285031 0.00242831 1.11661e-05 0.583894 0.0294373 0 0.000696425 116.358 0.0851795 8.49917e-06 1.35846e-05 0.0541153 0 0.000108714 0.196167 86.4009 0.0331566 0 0.31564 1.32722 1.09834
1.28 0.288801 0.00243051 1.14038e-05 0.583894 0.0317015 0 0.000700157 116.395 0.0850064 8.56249e-06 1.36231e-05 0.0572078 0 0.000112988 0.192669 86.4009 0.0331565 0 0.31586 1.33444 1.09834
1.3 0.288801 0.00243297 1.16618e-05 0.583894 0.03422 0 0.000704168 116.436 0.0850064 8.62732e-06 1.36618e-05 0.0572078 0 0.000117461 0.188998 86.4009 0.0331564 0 0.316062 1.34145 1.09834
1.32 0.288801 0.00243567 1.19382e-05 0.583893 0.0369644 0 0.000708431 116.481 0.0850064 8.69351e-06 1.37008e-05 0.0572078 0 0.000122116 0.185158 86.4009 0.0331563 0 0.316241 1.34823 1.09834
1.34 0.293395 0.00243869 1.22381e-05 0.583893 0.0399824 0 0.000713023 116.532 0.081986 8.76135e-06 1.37399e-05 0.0609572 0 0.000127001 0.181156 86.4009 0.0331562 0 0.316403 1.35481 1.09834
1.36 0.293395 0.00244203 1.25628e-05 0.583893 0.0432851 0 0.000717962 116.588 0.081986 8.83089e-06 1.37794e-05 0.0609572 0 0.00013213 0.176993 86.4009 0.0331561 0 0.316548 1.36118 1.09834
1.38 0.297867 0.00244574 1.29139e-05 0.583892 0.0468965 0 0.000723274 116.651 0.0810505 8.90227e-06 1.38191e-05 0.0647531 0 0.000137509 0.172673 86.4009 0.0331561 0 0.316678 1.36737 1.09834
1.4 0.297867 0.00244984 1.32943e-05 0.583892 0.0508562 0 0.000728996 116.72 0.0810505 8.97569e-06 1.38591e-05 0.0647531 0 0.000143143 0.168199 86.4009 0.033156 0 0.316796 1.37338 1.09835
1.42 0.303061 0.00245437 1.37061e-05 0.583891 0.0551878 0 0.000735163 116.796 0.082985 9.0513e-06 1.38995e-05 0.0692574 0 0.000149053 0.163579 86.4009 0.0331559 0 0.316902 1.37922 1.09835
1.44 0.303061 0.00245938 1.41529e-05 0.583891 0.0599318 0 0.000741831 116.88 0.082985 9.12933e-06 1.39402e-05 0.0692574 0 0.000155268 0.158824 86.4009 0.0331558 0 0.316998 1.38492 1.09835
1.46 0.309192 0.00246492 1.46374e-05 0.58389 0.0651197 0 0.000749042 116.973 0.0819546 9.20997e-06 1.39814e-05 0.0745666 0 0.000161806 0.153941 86.4009 0.0331558 0 0.317085 1.39048 1.09835
1.48 0.309192 0.00247105 1.51643e-05 0.58389 0.0707969 0 0.000756874 117.077 0.0819546 9.29346e-06 1.4023e-05 0.0745666 0 0.0001687 0.148936 86.4009 0.0331557 0 0.317164 1.39592 1.09835
1.5 0.313014 0.00247783 1.57374e-05 0.583889 0.0770025 0 0.000765387 117.191 0.0776044 9.38003e-06 1.40652e-05 0.0778493 0 0.000175973 0.143821 86.4009 0.0331556 0 0.317235 1.40126 1.09835
1.52 0.317104 0.00248533 1.63615e-05 0.583889 0.0837748 0 0.000774664 117.317 0.0781468 9.46993e-06 1.41079e-05 0.0814807 0 0.000183641 0.138615 86.4009 0.0331556 0 0.3173 1.40652 1.09835
1.54 0.317104 0.00249363 1.7041e-05 0.583888 0.0911799 0 0.00078477 117.457 0.0781468 9.56353e-06 1.41513e-05 0.0814807 0 0.000191717 0.133331 86.4009 0.0331555 0 0.317359 1.41171 1.09836
1.56 0.321673 0.00250281 1.77818e-05 0.583887 0.0992681 0 0.000795814 117.611 0.0789308 9.66115e-06 1.41953e-05 0.0854583 0 0.000200232 0.12799 86.4009 0.0331554 0 0.317412 1.41687 1.09836
1.58 0.326685 0.00251297 1.85902e-05 0.583886 0.1081 0 0.000807904 117.782 0.0776408 9.76312e-06 1.42402e-05 0.089841 0 0.00020921 0.1226 86.4009 0.0331553 0 0.31746 1.42199 1.09836
1.6 0.33223 0.00252422 1.94732e-05 0.583886 0.117741 0 0.000821166 117.971 0.0775882 9.86984e-06 1.4286e-05 0.0946944 0 0.000218673 0.117185 86.4009 0.0331552 0 0.317504 1.42712 1.09836
1.62 0.337731 0.00253673 2.04362e-05 0.583885 0.12839 0 0.000835698 118.181 0.0719794 9.98244e-06 1.43328e-05 0.0993509 0 0.000228645 0.111753 86.4009 0.0331551 0 0.317543 1.43228 1.09837
1.64 0.343185 0.00255057 2.14932e-05 0.583883 0.140095 0 0.000851758 118.413 0.0748639 1.01012e-05 1.43809e-05 0.104204 0 0.000239149 0.106332 86.4009 0.033155 0 0.317578 1.43749 1.09837
1.66 0.349382 0.00256581 2.26461e-05 0.583882 0.152752 0 0.00086942 118.668 0.0690008 1.02255e-05 1.44301e-05 0.10946 0 0.000250171 0.100938 86.4009 0.0331549 0 0.31761 1.44277 1.09837
1.68 0.355905 0.0025828 2.39166e-05 0.583881 0.166475 0 0.000889074 118.953 0.0707129 1.0356e-05 1.44807e-05 0.115235 0 0.000261777 0.0955868 86.4009 0.0331548 0 0.317639 1.44815 1.09838
1.7 0.363267 0.00260171 2.53102e-05 0.58388 0.18146 0 0.000910849 119.269 0.0740624 1.04938e-05 1.45328e-05 0.121518 0 0.000273958 0.0902941 86.4009 0.0331546 0 0.317666 1.45365 1.09838
1.72 0.371324 0.00262275 2.68442e-05 0.583878 0.197864 0 0.00093508 119.62 0.0675555 1.06398e-05 1.45867e-05 0.128386 0 0.000286723 0.0850793 86.4009 0.0331545 0 0.31769 1.45932 1.09839
1.74 0.390046 0.00264618 2.85297e-05 0.583876 0.215848 0 0.000962083 120.01 0.0610889 1.07948e-05 1.46428e-05 0.144088 0 0.000300082 0.0799544 86.4009 0.0331543 0 0.317712 1.46517 1.09839
1.76 0.396563 0.00267235 3.03892e-05 0.583874 0.235698 0 0.000992308 120.446 0.0622007 1.09606e-05 1.47015e-05 0.149432 0 0.000314039 0.0749492 86.4009 0.0331542 0 0.317731 1.47126 1.0984
1.78 0.408817 0.00270135 3.24192e-05 0.583872 0.257797 0 0.00102581 120.927 0.0758077 1.11392e-05 1.47635e-05 0.159999 0 0.000328506 0.0700882 86.4009 0.033154 0 0.317749 1.47764 1.0984
1.8 0.423225 0.0027335 3.46571e-05 0.58387 0.282131 0 0.0010634 121.46 0.0551044 1.13306e-05 1.48291e-05 0.171447 0 0.000343518 0.06537 86.4009 0.0331538 0 0.317764 1.48432 1.09841
1.82 0.430706 0.00276933 3.71663e-05 0.583867 0.308324 0 0.00110657 122.052 0.0425319 1.15326e-05 1.48978e-05 0.177797 0 0.000359225 0.0607629 86.4009 0.0331535 0 0.317779 1.49123 1.09842
1.84 0.447704 0.00280984 3.99608e-05 0.583864 0.337008 0 0.00115569 122.72 0.0530208 1.17486e-05 1.49709e-05 0.191497 0 0.000375498 0.0562944 86.4009 0.0331533 0 0.317792 1.49847 1.09843
1.86 0.477535 0.0028554 4.30841e-05 0.583861 0.368582 0 0.00121194 123.469 0.0503961 1.19811e-05 1.50493e-05 0.215283 0 0.00039235 0.051974 86.4009 0.033153 0 0.317804 1.50606 1.09844
1.88 0.500987 0.00290677 4.65915e-05 0.583857 0.40343 0 0.0012769 124.312 0.0417902 1.2232e-05 1.51345e-05 0.233725 0 0.000409771 0.0478041 86.4009 0.0331527 0 0.317815 1.51405 1.09845
1.9 0.527941 0.00296475 5.05523e-05 0.583853 0.441967 0 0.00135248 125.259 0.0326952 1.25039e-05 1.52278e-05 0.254706 0 0.000427756 0.0437858 86.4009 0.0331524 0 0.317825 1.52246 1.09846
1.92 0.559264 0.0030304 5.50553e-05 0.583849 0.484678 0 0.00144134 126.328 0.0368632 1.27994e-05 1.53313e-05 0.278745 0 0.000446298 0.0399184 86.4009 0.033152 0 0.317834 1.53133 1.09847
1.94 0.59538 0.00310501 6.02161e-05 0.583843 0.532149 0 0.00154698 127.538 0.0348135 1.3122e-05 1.54478e-05 0.306593 0 0.000465391 0.0361989 86.4009 0.0331516 0 0.317842 1.54067 1.09849
1.96 0.638413 0.00319008 6.61855e-05 0.583837 0.585077 0 0.00167415 128.91 0.0678836 1.34757e-05 1.55812e-05 0.339099 0 0.000485026 0.032626 86.4009 0.0331512 0 0.317849 1.55052 1.0985
1.98 0.685193 0.00328745 7.3167e-05 0.58383 0.644326 0 0.00182961 130.469 0.028353 1.38656e-05 1.57369e-05 0.373418 0 0.000505198 0.0291956 86.4009 0.0331506 0 0.317856 1.5609 1.09852
2 0.733859 0.00339933 8.14298e-05 0.583821 0.710951 0 0.00202288 132.241 0.0340846 1.42981e-05 1.59229e-05 0.409593 0 0.000525866 0.0259128 86.4009 0.0331501 0 0.317862 1.57185 1.09854
2.02 0.790984 0.00352863 9.13232e-05 0.583811 0.786299 0 0.00226711 134.257 0.00972989 1.47812e-05 1.61515e-05 0.451513 0 0.000546965 0.0227838 86.4009 0.0331495 0 0.317867 1.58337 1.09856
2.04 0.851272 0.00367887 0.000103303 0.583798 0.872075 0 0.00258131 136.539 -0.00189236 1.53253e-05 1.64416e-05 0.495701 0 0.0005684 0.0198157 86.4009 0.0331488 0 0.317872 1.5955 1.09858
2.06 0.953358 0.00385593 0.000118002 0.583783 0.970469 0 0.00299468 139.114 0.0122041 1.59437e-05 1.68243e-05 0.570326 0 0.000590032 0.0170255 86.4009 0.033148 0 0.317877 1.60825 1.09861
2.08 1.09304 0.0040689 0.000136202 0.583763 1.0843 0 0.00354991 141.994 0.00074995 1.66538e-05 1.73511e-05 0.67189 0 0.000611653 0.0144326 86.4009 0.0331472 0 0.317881 1.62162 1.09864
2.1 1.27424 0.00433474 0.000158909 0.58374 1.21721 0 0.00431365 145.182 -0.00693873 1.74778e-05 1.81121e-05 0.802442 0 0.000633017 0.0120589 86.4009 0.0331464 0 0.317884 1.6356 1.09867
2.12 1.42471 0.00468542 0.000187364 0.583709 1.37382 0 0.00539152 148.668 -0.0338657 1.84444e-05 1.92655e-05 0.909958 0 0.000653854 0.0099243 86.4009 0.0331454 0 0.317888 1.65018 1.0987
2.14 1.69741 0.0051833 0.000223062 0.583671 1.56007 0 0.00695672 152.433 -0.0327721 1.95899e-05 2.11048e-05 1.10266 0 0.000673903 0.00804187 86.4009 0.0331445 0 0.317891 1.66533 1.09873
2.16 1.96118 0.00594611 0.000267812 0.583623 1.78337 0 0.00930245 156.425 0.0316317 2.09599e-05 2.41739e-05 1.28538 0 0.000692938 0.00641887 86.4009 0.0331435 0 0.317893 1.681 1.09876
2.18 2.38659 0.00718741 0.000323333 0.583563 2.05275 0 0.0129175 160.588 0.00298851 2.26096e-05 2.94778e-05 1.57405 0 0.000710808 0.00504973 86.4009 0.0331425 0 0.317896 1.69714 1.0988
2.2 2.92112 0.00926128 0.000391429 0.583488 2.3789 0 0.0186551 164.813 0.0172731 2.46048e-05 3.88294e-05 1.93288 0 0.000727447 0.0039204 86.4009 0.0331416 0 0.317898 1.71369 1.09883
2.22 3.51071 0.0126512 0.000473101 0.583394 2.77386 0 0.0280865 168.951 0.0317321 2.70192e-05 5.52846e-05 2.33302 0 0.000742862 0.00301012 86.4009 0.0331407 0 0.3179 1.73058 1.09886
2.24 4.15148 0.0177593 0.000568105 0.583278 3.25005 0 0.0445212 172.804 0.00127138 2.99289e-05 8.33304e-05 2.78508 0 0.000757132 0.00229246 86.4009 0.0331398 0 0.317902 1.74776 1.09888
2.26 4.79677 0.0242638 0.000673746 0.583134 3.81862 0 0.0757262 176.116 0.0156994 3.34022e-05 0.000127954 3.28279 0 0.000770385 0.00173883 86.4009 0.0331391 0 0.317903 1.76517 1.0989
2.28 5.32847 0.0303317 0.000783313 0.582947 4.4865 0 0.137527 178.501 -0.0061861 3.74823e-05 0.000191375 3.77501 0 0.000782757 0.00132252 86.4009 0.0331386 0 0.317905 1.78275 1.09892
2.3 5.72144 0.0341382 0.000885295 0.582697 5.25219 0 0.248044 179.829 0.000717639 4.2161e-05 0.000270049 4.2918 0 0.000794395 0.00101875 86.4009 0.0331382 0 0.317906 1.80048 1.09893
2.32 5.90282 0.0358238 0.000967108 0.582366 6.10251 0 0.412668 180.486 0.000638078 4.73594e-05 0.000357994 4.64113 0 0.000805459 0.000802674 86.4009 0.033138 0 0.317907 1.8183 1.09893
2.34 6.00652 0.0358209 0.00102084 0.581933 7.01449 0 0.623028 180.828 0.000607473 5.29394e-05 0.000450168 4.88029 0 0.000816113 0.000650771 86.4009 0.0331379 0 0.317908 1.83619 1.09893
2.36 6.06465 0.0345107 0.00104548 0.581369 7.96093 0 0.862511 181.023 0.000554692 5.87369e-05 0.000542346 4.98087 0 0.000826497 0.000543754 86.4009 0.0331378 0 0.317909 1.85413 1.09893
2.38 6.09386 0.0324089 0.0010455 0.580636 8.91649 0 1.11192 181.142 0.000504929 6.45992e-05 0.000631404 4.96285 0 0.000836718 0.000467277 86.4009 0.0331378 0 0.31791 1.8721 1.09893
2.4 6.11356 0.0300187 0.00102738 0.579688 9.86179 0 1.35444 181.219 0.000501438 7.04098e-05 0.000715655 4.86785 0 0.00084685 0.000411435 86.4009 0.0331378 0 0.317911 1.8901 1.09893
2.42 6.12581 0.0277022 0.000998342 0.578481 10.783 0 1.57713 181.27 0.000482937 7.60861e-05 0.000794533 4.71794 0 0.000856948 0.000369096 86.4009 0.0331378 0 0.317912 1.90812 1.09893
2.44 6.13539 0.0256625 0.000963866 0.576986 11.6724 0 1.77226 181.304 0.000417192 8.15821e-05 0.000868304 4.48842 0 0.000867048 0.0003356 86.4009 0.0331377 0 0.317913 1.92616 1.09894
2.46 6.13934 0.0239832 0.000927312 0.575205 12.5266 0 1.93635 181.327 0.000397273 8.68777e-05 0.000937692 4.32104 0 0.000877171 0.0003081 86.4009 0.0331377 0 0.317913 1.94421 1.09894
2.48 6.14173 0.0226816 0.000890211 0.573207 13.3444 0 2.0686 181.344 0.000399118 9.19668e-05 0.00100357 4.15256 0 0.00088733 0.000284987 86.4009 0.0331377 0 0.317914 1.96226 1.09894
2.5 6.14321 0.0217386 0.000852998 0.571165 14.1259 0 2.16965 181.358 0.000613484 9.68479e-05 0.0010668 3.9296 0 0.000897532 0.000265377 86.4009 0.0331377 0 0.317914 1.98033 1.09894
2.52 6.14312 0.0211183 0.000815396 0.569348 14.8713 0 2.24077 181.371 0.000391552 0.00010152 0.00112826 3.76901 0 0.000907778 0.000248851 86.4009 0.0331377 0 0.317915 1.9984 1.09894
2.54 6.142 0.0207746 0.000776772 0.568094 15.5807 0 2.2832 181.383 0.000408132 0.000105978 0.00118868 3.51944 0 0.000918069 0.000235301 86.4009 0.0331377 0 0.317915 2.01647 1.09894
2.56 6.14043 0.0206698 0.000736577 0.567704 16.254 0 2.29775 181.394 0.000409656 0.000110216 0.00124864 3.31762 0 0.000928403 0.000224762 86.4009 0.0331377 0 0.317915 2.03455 1.09894
2.58 6.13955 0.0207893 0.000694714 0.568299 16.8909 0 2.28454 181.405 0.000425575 0.000114223 0.00130864 3.21599 0 0.000938779 0.000217283 86.4009 0.0331377 0 0.317916 2.05264 1.09894
2.6 6.13757 0.0211485 0.000651597 0.569755 17.491 0 2.243 181.413 0.000477239 0.000117993 0.00136916 3.01088 0 0.000949197 0.00021288 86.4009 0.0331377 0 0.317916 2.07072 1.09894
2.62 6.13514 0.0217867 0.000608043 0.571759 18.054 0 2.17216 181.417 0.000516721 0.00012152 0.00143076 2.80561 0 0.000959654 0.000211489 86.4009 0.0331377 0 0.317916 2.0888 1.09894
2.64 6.13194 0.0227482 0.000565059 0.573945 18.5802 0 2.07108 181.415 0.000544529 0.000124804 0.00149419 2.60397 0 0.000970152 0.000212915 86.4009 0.0331377 0 0.317917 2.10689 1.09894
2.66 6.12816 0.0240633 0.000523638 0.576023 19.0704 0 1.93951 181.406 0.0005768 0.000127852 0.00156032 2.43713 0 0.000980694 0.0002168 86.4009 0.0331377 0 0.317917 2.12497 1.09894
2.68 6.12021 0.0257393 0.000484626 0.577829 19.5259 0 1.77824 181.389 0.000647116 0.000130675 0.00163 2.21406 0 0.000991281 0.000222668 86.4009 0.0331377 0 0.317917 2.14305 1.09894
2.7 6.11203 0.0277521 0.000448581 0.579313 19.9489 0 1.58927 181.362 0.000600977 0.000133288 0.00170405 2.0776 0 0.00100192 0.000229968 86.4009 0.0331377 0 0.317917 2.16112 1.09894
2.72 6.10072 0.0300366 0.000415823 0.580494 20.3416 0 1.37568 181.319 0.000646643 0.000135706 0.00178311 1.9508 0 0.00101261 0.000238148 86.4009 0.0331377 0 0.317917 2.17919 1.09894
2.74 6.07689 0.0324534 0.000386387 0.581408 20.7068 0 1.1418 181.252 0.000782981 0.000137951 0.00186759 1.79668 0 0.00102336 0.000246715 86.4009 0.0331377 0 0.317917 2.19725 1.09893
2.76 6.0512 0.0347321 0.000360013 0.582118 21.0473 0 0.893064 181.137 0.000793787 0.00014004 0.00195724 1.70372 0 0.00103417 0.000255415 86.4009 0.0331378 0 0.317918 2.2153 1.09893
2.78 5.99387 0.0363456 0.000336175 0.582663 21.3655 0 0.636346 180.912 0.000821024 0.000141988 0.00205069 1.5934 0 0.00104504 0.000264392 86.4009 0.0331378 0 0.317918 2.23335 1.09893
2.8 5.85331 0.0361486 0.00031376 0.583081 21.6629 0 0.382202 180.374 0.000775267 0.000143808 0.00214428 1.47891 0 0.00105595 0.000274848 86.4009 0.0331378 0 0.317918 2.25139 1.09893
2.82 5.48183 0.0307521 0.000289179 0.583386 21.9396 0 0.156154 178.491 0.000975824 0.000145499 0.00222871 1.36645 0 0.00106686 0.00029289 86.4009 0.033138 0 0.317918 2.26943 1.09892
2.84 4.31195 0.0147689 0.000244908 0.583562 22.1872 0 0.0342048 171.067 0.00101895 0.000147012 0.00228031 1.16394 0 0.00107739 0.000359093 86.4009 0.0331387 0 0.317918 2.28744 1.09888
2.86 2.52628 0.00591892 0.00015734 0.583676 22.3738 0 0.00850956 158.029 0.000710241 0.000148154 0.00229275 0.717287 0 0.001086 0.000644128 86.4009 0.0331407 0 0.317918 2.30537 1.09879
2.88 1.42703 0.004051 7.16949e-05 0.583767 22.4747 0 0.00238882 143.374 -0.00347792 0.000148779 0.0022943 0.320115 0 0.00108841 0.00162169 86.4009 0.0331438 0 0.317918 2.32299 1.09866
2.9 0.731559 0.00311418 2.59738e-05 0.583815 22.5118 0 0.000834842 128.06 0.034052 0.000149035 0.0022945 0.120881 0 0.00107177 0.00479546 86.4009 0.0331479 0 0.317918 2.3396 1.09851
2.92 0.345444 0.00251252 9.8454e-06 0.583831 22.514 0 0.000616499 117.785 0.00737296 0.000149126 0.00229455 0.0458652 0 0.00101612 0.0129546 86.4009 0.0331524 0 0.317918 2.35336 1.09837
2.94 0.261339 0.00235677 5.54708e-06 0.583836 22.5014 0 0.000603161 115.081 0.0888555 0.000149166 0.00229459 0.0260238 0 0.000951853 0.0231535 86.4009 0.0331552 0 0.317918 2.36257 1.09832
2.96 0.247341 0.00231715 4.09951e-06 0.583837 22.4845 0 0.000594817 114.389 0.0912825 0.000149193 0.00229462 0.0190266 0 0.000906707 0.031422 86.4009 0.0331562 0 0.317918 2.36782 1.09831
2.98 0.243524 0.00229927 3.43675e-06 0.583838 22.4661 0 0.000590498 114.076 0.0952549 0.000149214 0.00229465 0.0154907 0 0.000877361 0.0375591 86.4009 0.0331565 0 0.317918 2.37032 1.09831
3 0.242993 0.00228828 3.07469e-06 0.583839 22.447 0 0.000588339 113.883 0.0926982 0.000149232 0.00229468 0.0145743 0 0.000858337 0.0420555 86.4009 0.0331567 0 0.317919 2.37088 1.0983
3.02 0.242114 0.00228074 2.8577e-06 0.583839 22.4274 0 0.000587111 113.75 0.0962322 0.000149248 0.00229471 0.0135797 0 0.000846164 0.0453266 86.4009 0.0331568 0 0.317919 2.37008 1.0983
3.04 0.241557 0.00227522 2.7221e-06 0.583839 22.4076 0 0.00058635 113.651 0.0969519 0.000149264 0.00229474 0.0126953 0 0.000838723 0.0476746 86.4009 0.0331568 0 0.317919 2.36828 1.0983
3.06 0.241275 0.00227101 2.63523e-06 0.58384 22.3877 0 0.000585821 113.576 0.0973532 0.000149279 0.00229477 0.0126327 0 0.000834626 0.0493172 86.4009 0.0331569 0 0.317919 2.36575 1.0983
3.08 0.241039 0.00226769 2.58138e-06 0.58384 22.3678 0 0.000585451 113.516 0.0976779 0.000149293 0.0022948 0.0122347 0 0.000832926 0.0504347 86.4009 0.0331569 0 0.317919 2.36272 1.0983
3.1 0.240978 0.00226505 2.54972e-06 0.58384 22.3479 0 0.00058516 113.468 0.0975303 0.000149308 0.00229483 0.0121925 0 0.000832955 0.0511542 86.4009 0.0331569 0 0.317919 2.35931 1.0983
3.12 0.240872 0.00226293 2.53371e-06 0.58384 22.3279 0 0.000584912 113.429 0.097544 0.000149322 0.00229486 0.0120954 0 0.000834254 0.0515709 86.4009 0.0331569 0 0.317919 2.35566 1.0983
3.14 0.240872 0.0022612 2.52933e-06 0.58384 22.3081 0 0.000584702 113.397 0.097544 0.000149336 0.00229489 0.0120954 0 0.000836492 0.0517569 86.4009 0.033157 0 0.317919 2.35183 1.0983
3.16 0.240694 0.00225978 2.5334e-06 0.58384 22.2883 0 0.00058452 113.37 0.0970942 0.00014935 0.00229492 0.0121712 0 0.0008394 0.0517722 86.4009 0.033157 0 0.317919 2.3479 1.0983
3.18 0.240694 0.00225861 2.54384e-06 0.583841 22.2686 0 0.000584365 113.348 0.0970942 0.000149365 0.00229495 0.0121712 0 0.000842788 0.0516627 86.4009 0.033157 0 0.317919 2.34392 1.0983
3.2 0.240568 0.00225765 2.55995e-06 0.583841 22.249 0 0.000584235 113.33 0.0969076 0.000149379 0.00229498 0.0123771 0 0.000846585 0.0514449 86.4009 0.033157 0 0.317919 2.33991 1.0983
3.22 0.240568 0.00225687 2.58038e-06 0.583841 22.2294 0 0.000584128 113.314 0.0969076 0.000149393 0.00229501 0.0123771 0 0.000850667 0.0511474 86.4009 0.033157 0 0.317919 2.3359 1.0983
3.24 0.240474 0.00225624 2.60401e-06 0.583841 22.21 0 0.000584042 113.302 0.0965774 0.000149408 0.00229504 0.0126234 0 0.000854933 0.0507947 86.4009 0.033157 0 0.317919 2.33191 1.0983
3.26 0.240474 0.00225572 2.62985e-06 0.583841 22.1907 0 0.000583975 113.291 0.0965774 0.000149422 0.00229507 0.0126234 0 0.000859289 0.0504085 86.4009 0.033157 0 0.317919 2.32797 1.0983
3.28 0.240429 0.00225529 2.65745e-06 0.583841 22.1715 0 0.000583926 113.282 0.0961607 0.000149437 0.0022951 0.0132856 0 0.000863693 0.0499996 86.4009 0.033157 0 0.317919 2.32409 1.0983
3.3 0.240429 0.00225496 2.68721e-06 0.583841 22.1524 0 0.000583897 113.275 0.0961607 0.000149452 0.00229513 0.0132856 0 0.000868173 0.0495622 86.4009 0.033157 0 0.317919 2.32026 1.0983
3.32 0.240429 0.00225471 2.71832e-06 0.583841 22.1334 0 0.000583887 113.269 0.0961607 0.000149467 0.00229515 0.0132856 0 0.000872655 0.0491142 86.4009 0.033157 0 0.317919 2.3165 1.0983
3.34 0.240429 0.00225453 2.75039e-06 0.583841 22.1145 0 0.000583896 113.265 0.0961607 0.000149482 0.00229518 0.0132856 0 0.000877097 0.0486656 86.4009 0.033157 0 0.317919 2.31283 1.0983
3.36 0.240483 0.00225439 2.783e-06 0.583841 22.0957 0 0.000583921 113.261 0.0956433 0.000149498 0.00229521 0.013871 0 0.000881467 0.0482242 86.4009 0.033157 0 0.317919 2.30924 1.0983
3.38 0.240483 0.00225429 2.81582e-06 0.583841 22.077 0 0.00058396 113.258 0.0956433 0.000149514 0.00229524 0.013871 0 0.000885778 0.0477854 86.4009 0.033157 0 0.317919 2.30574 1.0983
3.4 0.240483 0.00225422 2.84842e-06 0.583841 22.0585 0 0.000584012 113.256 0.0956433 0.000149529 0.00229527 0.013871 0 0.000889972 0.047364 86.4009 0.033157 0 0.317919 2.30233 1.0983
3.42 0.240483 0.00225416 2.8804e-06 0.583841 22.04 0 0.000584076 113.254 0.0956433 0.000149545 0.0022953 0.013871 0 0.000894018 0.0469675 86.4009 0.033157 0 0.317919 2.29903 1.0983
3.44 0.240606 0.00225412 2.91196e-06 0.583841 22.0217 0 0.000584151 113.252 0.094408 0.000149562 0.00229533 0.0142306 0 0.000897947 0.0465885 86.4009 0.033157 0 0.317919 2.29583 1.0983
3.46 0.240606 0.00225412 2.94392e-06 0.583841 22.0035 0 0.000584237 113.251 0.094408 0.000149578 0.00229536 0.0142306 0 0.000901852 0.0462053 86.4009 0.033157 0 0.317919 2.2927 1.0983
3.48 0.240606 0.00225413 2.97549e-06 0.583841 21.9853 0 0.000584332 113.25 0.094408 0.000149594 0.00229539 0.0142306 0 0.000905661 0.0458346 86.4009 0.033157 0 0.317919 2.28965 1.0983
3.5 0.240606 0.00225416 3.00654e-06 0.583841 21.9673 0 0.000584434 113.25 0.094408 0.000149611 0.00229542 0.0142306 0 0.000909371 0.0454776 86.4009 0.033157 0 0.317919 2.2867 1.0983
3.52 0.240769 0.00225422 3.0379e-06 0.583841 21.9494 0 0.000584551 113.25 0.0955119 0.000149628 0.00229545 0.0152236 0 0.000913008 0.0451303 86.4009 0.033157 0 0.317919 2.28382 1.0983
3.54 0.240769 0.00225431 3.07019e-06 0.583841 21.9316 0 0.000584687 113.251 0.0955119 0.000149645 0.00229548 0.0152236 0 0.000916589 0.0447896 86.4009 0.033157 0 0.317919 2.28103 1.0983
3.56 0.240769 0.00225443 3.10308e-06 0.583841 21.9138 0 0.000584839 113.252 0.0955119 0.000149663 0.00229551 0.0152236 0 0.000920105 0.0444577 86.4009 0.033157 0 0.317919 2.27832 1.0983
3.58 0.240769 0.00225459 3.13671e-06 0.583841 21.8962 0 0.000585009 113.254 0.0955119 0.00014968 0.00229553 0.0152236 0 0.00092356 0.0441342 86.4009 0.033157 0 0.317919 2.27568 1.0983
3.6 0.241105 0.00225476 3.17033e-06 0.583841 21.8787 0 0.000585187 113.256 0.0943266 0.000149698 0.00229556 0.0154488 0 0.000926951 0.0438179 86.4009 0.033157 0 0.317919 2.27312 1.0983
3.62 0.241105 0.00225495 3.20396e-06 0.583841 21.8613 0 0.000585374 113.259 0.0943266 0.000149716 0.00229559 0.0154488 0 0.000930281 0.0435082 86.4009 0.033157 0 0.317919 2.27064 1.0983
3.64 0.241105 0.00225517 3.23775e-06 0.583841 21.844 0 0.00058557 113.262 0.0943266 0.000149734 0.00229562 0.0154488 0 0.000933554 0.0432049 86.4009 0.033157 0 0.317919 2.26823 1.0983
3.66 0.241105 0.0022554 3.27167e-06 0.583841 21.8268 0 0.000585776 113.266 0.0943266 0.000149752 0.00229565 0.0154488 0 0.000936774 0.0429072 86.4009 0.033157 0 0.317919 2.26589 1.0983
3.68 0.241409 0.00225565 3.30549e-06 0.583841 21.8096 0 0.000585987 113.269 0.092408 0.00014977 0.00229568 0.0162237 0 0.000939939 0.0426158 86.4009 0.033157 0 0.317919 2.26362 1.0983
3.7 0.241409 0.00225591 3.33921e-06 0.583841 21.7926 0 0.000586205 113.273 0.092408 0.000149789 0.00229571 0.0162237 0 0.000943054 0.0423298 86.4009 0.033157 0 0.317919 2.26143 1.0983
3.72 0.241409 0.00225618 3.37278e-06 0.583841 21.7757 0 0.000586428 113.278 0.092408 0.000149808 0.00229574 0.0162237 0 0.000946121 0.0420488 86.4009 0.033157 0 0.317919 2.2593 1.0983
3.74 0.242188 0.00225646 3.40623e-06 0.583841 21.7588 0 0.000586656 113.282 0.0935469 0.000149827 0.00229577 0.0175177 0 0.000949141 0.0417727 86.4009 0.033157 0 0.317919 2.25724 1.0983
3.76 0.242188 0.00225676 3.44011e-06 0.583841 21.7421 0 0.000586897 113.287 0.0935469 0.000149846 0.0022958 0.0175177 0 0.000952115 0.0415025 86.4009 0.033157 0 0.317919 2.25526 1.0983
3.78 0.242188 0.00225707 3.47419e-06 0.583841 21.7254 0 0.000587145 113.292 0.0935469 0.000149865 0.00229583 0.0175177 0 0.000955046 0.0412375 86.4009 0.033157 0 0.317919 2.25333 1.0983
3.8 0.242188 0.0022574 3.50849e-06 0.583841 21.7089 0 0.000587403 113.297 0.0935469 0.000149885 0.00229586 0.0175177 0 0.000957935 0.0409774 86.4009 0.033157 0 0.317919 2.25148 1.0983
3.82 0.242188 0.00225774 3.54307e-06 0.583841 21.6924 0 0.00058767 113.303 0.0935469 0.000149904 0.00229589 0.0175177 0 0.000960784 0.0407222 86.4009 0.033157 0 0.317919 2.24969 1.0983
3.84 0.242188 0.0022581 3.57795e-06 0.583841 21.676 0 0.000587946 113.309 0.0935469 0.000149924 0.00229592 0.0175177 0 0.000963595 0.0404717 86.4009 0.033157 0 0.317919 2.24797 1.0983
3.86 0.242188 0.00225847 3.61319e-06 0.583841 21.6597 0 0.000588232 113.315 0.0935469 0.000149944 0.00229595 0.0175177 0 0.00096637 0.0402258 86.4009 0.033157 0 0.317919 2.24631 1.0983
3.88 0.242188 0.00225885 3.64883e-06 0.583841 21.6435 0 0.000588527 113.321 0.0935469 0.000149965 0.00229597 0.0175177 0 0.000969111 0.0399844 86.4009 0.033157 0 0.317919 2.24472 1.0983
3.9 0.243017 0.00225925 3.68457e-06 0.583841 21.6274 0 0.00058883 113.328 0.0928512 0.000149985 0.002296 0.0186634 0 0.000971818 0.0397469 86.4009 0.033157 0 0.317919 2.24319 1.0983
3.92 0.243017 0.00225965 3.72032e-06 0.583841 21.6114 0 0.000589136 113.334 0.0928512 0.000150006 0.00229603 0.0186634 0 0.00097449 0.0395133 86.4009 0.033157 0 0.317919 2.24172 1.0983
3.94 0.243017 0.00226006 3.75629e-06 0.583841 21.5955 0 0.000589451 113.341 0.0928512 0.000150027 0.00229606 0.0186634 0 0.000977132 0.0392834 86.4009 0.033157 0 0.317919 2.24031 1.0983
3.96 0.243017 0.00226049 3.7925e-06 0.583841 21.5797 0 0.000589772 113.348 0.0928512 0.000150048 0.00229609 0.0186634 0 0.000979744 0.0390571 86.4009 0.033157 0 0.317919 2.23897 1.0983
3.98 0.243017 0.00226092 3.82896e-06 0.583841 21.564 0 0.0005901 113.356 0.0928512 0.00015007 0.00229612 0.0186634 0 0.000982329 0.0388342 86.4009 0.033157 0 0.317919 2.23768 1.0983
4 0.243017 0.00226136 3.86565e-06 0.583841 21.5483 0 0.000590435 113.363 0.0928512 0.000150091 0.00229615 0.0186634 0 0.000984888 0.0386147 86.4009 0.033157 0 0.317919 2.23645 1.0983
4.02 0.243017 0.00226181 3.90259e-06 0.583841 21.5327 0 0.000590777 113.371 0.0928512 0.000150113 0.00229618 0.0186634 0 0.000987423 0.0383982 86.4009 0.033157 0 0.317919 2.23528 1.0983
4.04 0.243965 0.00226227 3.93976e-06 0.583841 21.5173 0 0.000591126 113.379 0.0917062 0.000150135 0.00229621 0.0198841 0 0.000989929 0.0381855 86.4009 0.033157 0 0.317919 2.23417 1.0983
4.06 0.243965 0.00226275 3.97718e-06 0.583841 21.5019 0 0.000591482 113.387 0.0917062 0.000150157 0.00229624 0.0198841 0 0.000992412 0.0379759 86.4009 0.033157 0 0.317919 2.23312 1.0983
4.08 0.243965 0.00226322 4.01484e-06 0.583841 21.4866 0 0.000591844 113.395 0.0917062 0.000150179 0.00229627 0.0198841 0 0.000994873 0.0377693 86.4009 0.033157 0 0.317919 2.23213 1.0983
4.1 0.243965 0.00226371 4.05275e-06 0.583841 21.4714 0 0.000592212 113.403 0.0917062 0.000150202 0.0022963 0.0198841 0 0.000997313 0.0375656 86.4009 0.033157 0 0.317919 2.23119 1.0983
4.12 0.243965 0.0022642 4.09092e-06 0.583841 21.4563 0 0.000592587 113.412 0.0917062 0.000150225 0.00229633 0.0198841 0 0.000999733 0.0373646 86.4009 0.033157 0 0.317919 2.23031 1.0983
4.14 0.243965 0.0022647 4.12935e-06 0.583841 21.4413 0 0.000592968 113.42 0.0917062 0.000150248 0.00229636 0.0198841 0 0.00100214 0.0371662 86.4009 0.033157 0 0.317919 2.22948 1.0983
4.16 0.245031 0.00226521 4.16805e-06 0.583841 21.4263 0 0.000593356 113.429 0.0918518 0.000150271 0.00229639 0.0211353 0 0.00100452 0.0369703 86.4009 0.033157 0 0.317919 2.22871 1.0983
4.18 0.245031 0.00226573 4.20703e-06 0.583841 21.4115 0 0.00059375 113.438 0.0918518 0.000150294 0.00229642 0.0211353 0 0.00100689 0.0367771 86.4009 0.033157 0 0.317919 2.228 1.0983
4.2 0.245031 0.00226625 4.24628e-06 0.583841 21.3967 0 0.000594151 113.447 0.0918518 0.000150318 0.00229645 0.0211353 0 0.00100924 0.0365862 86.4009 0.033157 0 0.317919 2.22734 1.0983
4.22 0.245031 0.00226678 4.28581e-06 0.583841 21.382 0 0.000594557 113.456 0.0918518 0.000150342 0.00229648 0.0211353 0 0.00101157 0.0363976 86.4009 0.033157 0 0.317919 2.22673 1.0983
4.24 0.245031 0.00226732 4.32563e-06 0.583841 21.3674 0 0.00059497 113.465 0.0918518 0.000150366 0.00229651 0.0211353 0 0.0010139 0.0362112 86.4009 0.0331569 0 0.317919 2.22618 1.0983
4.26 0.245031 0.00226787 4.36574e-06 0.583841 21.3529 0 0.000595389 113.474 0.0918518 0.00015039 0.00229654 0.0211353 0 0.00101621 0.0360267 86.4009 0.0331569 0 0.317919 2.22568 1.0983
4.28 0.245031 0.00226842 4.40614e-06 0.583841 21.3385 0 0.000595814 113.484 0.0918518 0.000150415 0.00229657 0.0211353 0 0.00101851 0.0358442 86.4009 0.0331569 0 0.317919 2.22523 1.0983
4.3 0.246195 0.00226897 4.44687e-06 0.58384 21.3242 0 0.000596245 113.493 0.091704 0.00015044 0.0022966 0.0224939 0 0.00102079 0.0356638 86.4009 0.0331569 0 0.317919 2.22483 1.0983
4.32 0.246195 0.00226954 4.48794e-06 0.58384 21.31 0 0.000596683 113.503 0.091704 0.000150465 0.00229663 0.0224939 0 0.00102307 0.0354854 86.4009 0.0331569 0 0.317919 2.22449 1.0983
4.34 0.246195 0.00227011 4.52934e-06 0.58384 21.2958 0 0.000597128 113.513 0.091704 0.00015049 0.00229666 0.0224939 0 0.00102534 0.0353088 86.4009 0.0331569 0 0.317919 2.2242 1.0983
4.36 0.246195 0.00227069 4.57107e-06 0.58384 21.2817 0 0.000597579 113.523 0.091704 0.000150516 0.00229669 0.0224939 0 0.00102759 0.0351339 86.4009 0.0331569 0 0.317919 2.22396 1.0983
4.38 0.246195 0.00227127 4.61315e-06 0.58384 21.2678 0 0.000598036 113.533 0.091704 0.000150541 0.00229672 0.0224939 0 0.00102984 0.0349606 86.4009 0.0331569 0 0.317919 2.22377 1.0983
4.4 0.246195 0.00227187 4.65558e-06 0.58384 21.2539 0 0.0005985 113.543 0.091704 0.000150567 0.00229675 0.0224939 0 0.00103209 0.0347889 86.4009 0.0331569 0 0.317919 2.22363 1.0983
4.42 0.247486 0.00227246 4.69836e-06 0.58384 21.2401 0 0.00059897 113.554 0.090867 0.000150593 0.00229678 0.023854 0 0.00103433 0.0346187 86.4009 0.0331569 0 0.317919 2.22354 1.0983
4.44 0.247486 0.00227307 4.74146e-06 0.58384 21.2264 0 0.000599447 113.564 0.090867 0.00015062 0.00229681 0.023854 0 0.00103656 0.0344503 86.4009 0.0331569 0 0.317919 2.2235 1.0983
4.46 0.247486 0.00227368 4.78492e-06 0.58384 21.2127 0 0.000599929 113.575 0.090867 0.000150647 0.00229684 0.023854 0 0.00103878 0.0342833 86.4009 0.0331569 0 0.317919 2.22351 1.0983
4.48 0.247486 0.0022743 4.82873e-06 0.58384 21.1992 0 0.000600419 113.585 0.090867 0.000150673 0.00229687 0.023854 0 0.001041 0.0341178 86.4009 0.0331569 0 0.317919 2.22357 1.0983
4.5 0.247486 0.00227492 4.87291e-06 0.58384 21.1858 0 0.000600914 113.596 0.090867 0.000150701 0.0022969 0.023854 0 0.00104322 0.0339536 86.4009 0.0331569 0 0.317919 2.22367 1.0983
4.52 0.247486 0.00227555 4.91745e-06 0.58384 21.1724 0 0.000601416 113.607 0.090867 0.000150728 0.00229693 0.023854 0 0.00104543 0.0337906 86.4009 0.0331569 0 0.317919 2.22383 1.0983
4.54 0.247486 0.00227619 4.96236e-06 0.58384 21.1591 0 0.000601924 113.618 0.090867 0.000150756 0.00229696 0.023854 0 0.00104765 0.0336289 86.4009 0.0331569 0 0.317919 2.22404 1.0983
4.56 0.248882 0.00227683 5.00763e-06 0.58384 21.1459 0 0.000602439 113.629 0.0902542 0.000150784 0.00229699 0.0253256 0 0.00104986 0.0334685 86.4009 0.0331569 0 0.317919 2.22429 1.0983
4.58 0.248882 0.00227748 5.05327e-06 0.58384 21.1328 0 0.000602959 113.64 0.0902542 0.000150812 0.00229702 0.0253256 0 0.00105206 0.0333093 86.4009 0.0331569 0 0.317919 2.22459 1.0983
4.6 0.248882 0.00227813 5.09926e-06 0.58384 21.1198 0 0.000603486 113.652 0.0902542 0.00015084 0.00229705 0.0253256 0 0.00105427 0.0331512 86.4009 0.0331569 0 0.317919 2.22494 1.0983
4.62 0.248882 0.00227879 5.14563e-06 0.58384 21.1069 0 0.000604019 113.663 0.0902542 0.000150869 0.00229708 0.0253256 0 0.00105648 0.0329943 86.4009 0.0331569 0 0.317919 2.22533 1.0983
4.64 0.248882 0.00227946 5.19237e-06 0.58384 21.0941 0 0.000604558 113.675 0.0902542 0.000150898 0.00229711 0.0253256 0 0.00105868 0.0328385 86.4009 0.0331569 0 0.317919 2.22577 1.0983
4.66 0.248882 0.00228013 5.23947e-06 0.58384 21.0813 0 0.000605104 113.686 0.0902542 0.000150927 0.00229714 0.0253256 0 0.00106089 0.0326837 86.4009 0.0331568 0 0.317919 2.22626 1.0983
4.68 0.248882 0.0022808 5.28694e-06 0.583839 21.0687 0 0.000605655 113.698 0.0902542 0.000150957 0.00229717 0.0253256 0 0.0010631 0.0325299 86.4009 0.0331568 0 0.317919 2.2268 1.0983
4.7 0.250381 0.00228149 5.33485e-06 0.583839 21.0561 0 0.000606214 113.71 0.090333 0.000150986 0.0022972 0.0269155 0 0.00106531 0.0323772 86.4009 0.0331568 0 0.317919 2.22738 1.0983
4.72 0.250381 0.00228218 5.38317e-06 0.583839 21.0436 0 0.000606779 113.722 0.090333 0.000151016 0.00229723 0.0269155 0 0.00106752 0.0322254 86.4009 0.0331568 0 0.317919 2.22801 1.0983
4.74 0.250381 0.00228287 5.43192e-06 0.583839 21.0312 0 0.000607351 113.734 0.090333 0.000151047 0.00229727 0.0269155 0 0.00106973 0.0320747 86.4009 0.0331568 0 0.317919 2.22868 1.0983
4.76 0.250381 0.00228358 5.48109e-06 0.583839 21.0189 0 0.00060793 113.746 0.090333 0.000151077 0.0022973 0.0269155 0 0.00107195 0.0319249 86.4009 0.0331568 0 0.317919 2.2294 1.0983
4.78 0.250381 0.00228429 5.5307e-06 0.583839 21.0067 0 0.000608516 113.758 0.090333 0.000151108 0.00229733 0.0269155 0 0.00107417 0.031776 86.4009 0.0331568 0 0.317919 2.23016 1.0983
4.8 0.250381 0.002285 5.58075e-06 0.583839 20.9946 0 0.000609109 113.771 0.090333 0.000151139 0.00229736 0.0269155 0 0.00107639 0.0316281 86.4009 0.0331568 0 0.317919 2.23097 1.0983
4.82 0.253754 0.00228572 5.63126e-06 0.583839 20.9826 0 0.000609709 113.783 0.0878707 0.000151171 0.00229739 0.0303607 0 0.00107861 0.0314811 86.4009 0.0331568 0 0.317919 2.23183 1.0983
4.84 0.253754 0.00228645 5.68218e-06 0.583839 20.9706 0 0.000610316 113.796 0.0878707 0.000151202 0.00229742 0.0303607 0 0.00108085 0.0313348 86.4009 0.0331568 0 0.317919 2.23273 1.0983
4.86 0.253754 0.00228719 5.73355e-06 0.583839 20.9588 0 0.00061093 113.809 0.0878707 0.000151234 0.00229745 0.0303607 0 0.00108308 0.0311893 86.4009 0.0331568 0 0.317919 2.23367 1.0983
4.88 0.253754 0.00228793 5.78538e-06 0.583839 20.947 0 0.00061155 113.822 0.0878707 0.000151266 0.00229748 0.0303607 0 0.00108532 0.0310446 86.4009 0.0331568 0 0.317919 2.23466 1.0983
4.9 0.253754 0.00228868 5.83767e-06 0.583839 20.9354 0 0.000612178 113.835 0.0878707 0.000151299 0.00229751 0.0303607 0 0.00108757 0.0309007 86.4009 0.0331568 0 0.317919 2.23569 1.0983
4.92 0.253754 0.00228943 5.89042e-06 0.583839 20.9238 0 0.000612813 113.848 0.0878707 0.000151332 0.00229754 0.0303607 0 0.00108982 0.0307575 86.4009 0.0331568 0 0.317919 2.23677 1.0983
4.94 0.253754 0.00229019 5.94364e-06 0.583839 20.9123 0 0.000613456 113.861 0.0878707 0.000151365 0.00229757 0.0303607 0 0.00109207 0.0306151 86.4009 0.0331568 0 0.317919 2.23789 1.0983
4.96 0.253754 0.00229096 5.99734e-06 0.583839 20.9009 0 0.000614106 113.874 0.0878707 0.000151398 0.0022976 0.0303607 0 0.00109434 0.0304734 86.4009 0.0331568 0 0.317919 2.23906 1.0983
4.98 0.253754 0.00229173 6.05151e-06 0.583838 20.8896 0 0.000614763 113.888 0.0878707 0.000151432 0.00229764 0.0303607 0 0.00109661 0.0303323 86.4009 0.0331568 0 0.317919 2.24027 1.0983
5 0.253754 0.00229251 6.10617e-06 0.583838 20.8784 0 0.000615427 113.901 0.0878707 0.000151466 0.00229767 0.0303607 0 0.00109888 0.0301919 86.4009 0.0331568 0 0.317919 2.24152 1.0983
5.02 0.253754 0.0022933 6.16132e-06 0.583838 20.8673 0 0.0006161 113.915 0.0878707 0.0001515 0.0022977 0.0303607 0 0.00110117 0.0300522 86.4009 0.0331567 0 0.317919 2.24281 1.09831
5.04 0.253754 0.0022941 6.21697e-06 0.583838 20.8563 0 0.000616779 113.929 0.0878707 0.000151535 0.00229773 0.0303607 0 0.00110346 0.0299131 86.4009 0.0331567 0 0.317919 2.24415 1.09831
5.06 0.253754 0.0022949 6.27311e-06 0.583838 20.8454 0 0.000617467 113.942 0.0878707 0.00015157 0.00229776 0.0303607 0 0.00110576 0.0297746 86.4009 0.0331567 0 0.317919 2.24553 1.09831
5.08 0.253754 0.00229571 6.32976e-06 0.583838 20.8345 0 0.000618162 113.957 0.0878707 0.000151605 0.00229779 0.0303607 0 0.00110807 0.0296367 86.4009 0.0331567 0 0.317919 2.24696 1.09831
5.1 0.25765 0.00229652 6.38674e-06 0.583838 20.8238 0 0.000618863 113.971 0.0872078 0.000151641 0.00229782 0.0340837 0 0.00111039 0.0294996 86.4009 0.0331567 0 0.317919 2.24842 1.09831
5.12 0.25765 0.00229734 6.44417e-06 0.583838 20.8131 0 0.000619571 113.985 0.0872078 0.000151677 0.00229785 0.0340837 0 0.00111272 0.029363 86.4009 0.0331567 0 0.317919 2.24994 1.09831
5.14 0.25765 0.00229817 6.50207e-06 0.583838 20.8026 0 0.000620286 113.999 0.0872078 0.000151713 0.00229789 0.0340837 0 0.00111505 0.029227 86.4009 0.0331567 0 0.317919 2.25149 1.09831
5.16 0.25765 0.002299 6.56044e-06 0.583838 20.7921 0 0.000621008 114.014 0.0872078 0.00015175 0.00229792 0.0340837 0 0.0011174 0.0290915 86.4009 0.0331567 0 0.317919 2.25308 1.09831
5.18 0.25765 0.00229985 6.61928e-06 0.583838 20.7818 0 0.000621738 114.028 0.0872078 0.000151787 0.00229795 0.0340837 0 0.00111976 0.0289566 86.4009 0.0331567 0 0.317919 2.25472 1.09831
5.2 0.25765 0.00230069 6.67859e-06 0.583838 20.7715 0 0.000622475 114.043 0.0872078 0.000151824 0.00229798 0.0340837 0 0.00112212 0.0288222 86.4009 0.0331567 0 0.317919 2.2564 1.09831
5.22 0.25765 0.00230155 6.73837e-06 0.583838 20.7614 0 0.00062322 114.058 0.0872078 0.000151861 0.00229801 0.0340837 0 0.0011245 0.0286882 86.4009 0.0331567 0 0.317919 2.25812 1.09831
5.24 0.25765 0.00230241 6.79862e-06 0.583838 20.7513 0 0.000623972 114.073 0.0872078 0.000151899 0.00229804 0.0340837 0 0.00112689 0.0285548 86.4009 0.0331567 0 0.317919 2.25989 1.09831
5.26 0.25765 0.00230327 6.85935e-06 0.583837 20.7413 0 0.000624731 114.088 0.0872078 0.000151938 0.00229808 0.0340837 0 0.00112929 0.0284218 86.4009 0.0331567 0 0.317919 2.26169 1.09831
5.28 0.25765 0.00230415 6.92056e-06 0.583837 20.7314 0 0.000625498 114.103 0.0872078 0.000151976 0.00229811 0.0340837 0 0.00113171 0.0282893 86.4009 0.0331567 0 0.317919 2.26354 1.09831
5.3 0.25765 0.00230503 6.98224e-06 0.583837 20.7217 0 0.000626272 114.118 0.0872078 0.000152015 0.00229814 0.0340837 0 0.00113413 0.0281571 86.4009 0.0331567 0 0.317919 2.26543 1.09831
5.32 0.25765 0.00230591 7.0444e-06 0.583837 20.712 0 0.000627053 114.133 0.0872078 0.000152054 0.00229817 0.0340837 0 0.00113657 0.0280254 86.4009 0.0331566 0 0.317919 2.26736 1.09831
5.34 0.25765 0.00230681 7.10704e-06 0.583837 20.7024 0 0.000627842 114.149 0.0872078 0.000152094 0.0022982 0.0340837 0 0.00113902 0.0278941 86.4009 0.0331566 0 0.317919 2.26933 1.09831
5.36 0.262063 0.00230771 7.17039e-06 0.583837 20.6929 0 0.000628641 114.164 0.0842675 0.000152134 0.00229824 0.0386045 0 0.00114148 0.0277634 86.4009 0.0331566 0 0.317919 2.27134 1.09831
5.38 0.262063 0.00230862 7.23442e-06 0.583837 20.6835 0 0.00062945 114.18 0.0842675 0.000152174 0.00229827 0.0386045 0 0.00114396 0.0276332 86.4009 0.0331566 0 0.317919 2.2734 1.09831
5.4 0.262063 0.00230954 7.29901e-06 0.583837 20.6743 0 0.000630268 114.196 0.0842675 0.000152215 0.0022983 0.0386045 0 0.00114644 0.0275035 86.4009 0.0331566 0 0.317919 2.27549 1.09831
5.42 0.262063 0.00231047 7.36418e-06 0.583837 20.6651 0 0.000631094 114.212 0.0842675 0.000152256 0.00229833 0.0386045 0 0.00114893 0.0273741 86.4009 0.0331566 0 0.317919 2.27763 1.09831
5.44 0.262063 0.00231141 7.42993e-06 0.583837 20.656 0 0.000631929 114.228 0.0842675 0.000152298 0.00229836 0.0386045 0 0.00115144 0.0272451 86.4009 0.0331566 0 0.317919 2.2798 1.09831
5.46 0.262063 0.00231235 7.49627e-06 0.583837 20.647 0 0.000632772 114.245 0.0842675 0.000152339 0.0022984 0.0386045 0 0.00115396 0.0271166 86.4009 0.0331566 0 0.317919 2.28202 1.09831
5.48 0.262063 0.00231331 7.5632e-06 0.583837 20.6382 0 0.000633625 114.261 0.0842675 0.000152382 0.00229843 0.0386045 0 0.0011565 0.0269883 86.4009 0.0331566 0 0.317919 2.28428 1.09831
5.5 0.262063 0.00231427 7.63074e-06 0.583836 20.6294 0 0.000634486 114.278 0.0842675 0.000152424 0.00229846 0.0386045 0 0.00115905 0.0268605 86.4009 0.0331566 0 0.317919 2.28658 1.09831
5.52 0.262063 0.00231523 7.69888e-06 0.583836 20.6207 0 0.000635356 114.295 0.0842675 0.000152467 0.00229849 0.0386045 0 0.00116161 0.026733 86.4009 0.0331566 0 0.317919 2.28892 1.09831
5.54 0.262063 0.00231621 7.76764e-06 0.583836 20.6121 0 0.000636236 114.312 0.0842675 0.00015251 0.00229853 0.0386045 0 0.00116419 0.0266058 86.4009 0.0331566 0 0.317919 2.2913 1.09831
5.56 0.262063 0.0023172 7.83702e-06 0.583836 20.6037 0 0.000637124 114.329 0.0842675 0.000152554 0.00229856 0.0386045 0 0.00116678 0.026479 86.4009 0.0331566 0 0.317919 2.29371 1.09831
5.58 0.262063 0.00231819 7.90702e-06 0.583836 20.5953 0 0.000638022 114.346 0.0842675 0.000152598 0.00229859 0.0386045 0 0.00116938 0.0263524 86.4009 0.0331566 0 0.317919 2.29617 1.09831
5.6 0.262063 0.0023192 7.97767e-06 0.583836 20.587 0 0.000638929 114.363 0.0842675 0.000152643 0.00229862 0.0386045 0 0.001172 0.0262262 86.4009 0.0331565 0 0.317919 2.29867 1.09831
5.62 0.267173 0.00232021 8.04889e-06 0.583836 20.5789 0 0.000639846 114.381 0.0881866 0.000152688 0.00229866 0.0430926 0 0.00117464 0.0261003 86.4009 0.0331565 0 0.317919 2.30121 1.09831
5.64 0.267173 0.00232123 8.12063e-06 0.583836 20.5708 0 0.00064077 114.398 0.0881866 0.000152733 0.00229869 0.0430926 0 0.00117729 0.025975 86.4009 0.0331565 0 0.317919 2.30379 1.09831
5.66 0.267173 0.00232225 8.19298e-06 0.583836 20.5629 0 0.000641705 114.416 0.0881866 0.000152779 0.00229872 0.0430926 0 0.00117995 0.02585 86.4009 0.0331565 0 0.317919 2.30641 1.09831
5.68 0.267173 0.00232329 8.26596e-06 0.583836 20.555 0 0.000642648 114.434 0.0881866 0.000152825 0.00229875 0.0430926 0 0.00118263 0.0257253 86.4009 0.0331565 0 0.317919 2.30907 1.09831
5.7 0.267173 0.00232433 8.33956e-06 0.583836 20.5473 0 0.000643601 114.452 0.0881866 0.000152871 0.00229879 0.0430926 0 0.00118533 0.0256009 86.4009 0.0331565 0 0.317919 2.31177 1.09831
5.72 0.267173 0.00232539 8.41379e-06 0.583835 20.5397 0 0.000644564 114.47 0.0881866 0.000152918 0.00229882 0.0430926 0 0.00118804 0.0254768 86.4009 0.0331565 0 0.317919 2.31451 1.09831
5.74 0.267173 0.00232645 8.48865e-06 0.583835 20.5322 0 0.000645536 114.489 0.0881866 0.000152965 0.00229885 0.0430926 0 0.00119077 0.025353 86.4009 0.0331565 0 0.317919 2.31729 1.09831
5.76 0.267173 0.00232752 8.56414e-06 0.583835 20.5248 0 0.000646517 114.507 0.0881866 0.000153013 0.00229889 0.0430926 0 0.00119351 0.0252295 86.4009 0.0331565 0 0.317919 2.32011 1.09831
5.78 0.267173 0.0023286 8.64028e-06 0.583835 20.5175 0 0.000647509 114.526 0.0881866 0.000153061 0.00229892 0.0430926 0 0.00119627 0.0251063 86.4009 0.0331565 0 0.317919 2.32297 1.09831
5.8 0.267173 0.00232969 8.71706e-06 0.583835 20.5103 0 0.00064851 114.545 0.0881866 0.00015311 0.00229895 0.0430926 0 0.00119905 0.0249834 86.4009 0.0331565 0 0.317919 2.32587 1.09831
5.82 0.267173 0.00233079 8.79449e-06 0.583835 20.5032 0 0.000649521 114.564 0.0881866 0.000153159 0.00229899 0.0430926 0 0.00120185 0.0248608 86.4009 0.0331565 0 0.317919 2.32881 1.09831
5.84 0.267173 0.0023319 8.87257e-06 0.583835 20.4962 0 0.000650542 114.583 0.0881866 0.000153208 0.00229902 0.0430926 0 0.00120466 0.0247384 86.4009 0.0331564 0 0.317919 2.33178 1.09832
5.86 0.267173 0.00233302 8.9513e-06 0.583835 20.4894 0 0.000651573 114.602 0.0881866 0.000153258 0.00229905 0.0430926 0 0.00120749 0.0246162 86.4009 0.0331564 0 0.317919 2.3348 1.09832
5.88 0.272946 0.00233415 9.03071e-06 0.583835 20.4826 0 0.000652614 114.621 0.0810343 0.000153309 0.00229909 0.0485363 0 0.00121034 0.0244944 86.4009 0.0331564 0 0.317919 2.33785 1.09832
5.9 0.272946 0.00233528 9.11083e-06 0.583835 20.476 0 0.000653666 114.641 0.0810343 0.00015336 0.00229912 0.0485363 0 0.0012132 0.024373 86.4009 0.0331564 0 0.317919 2.34095 1.09832
5.92 0.272946 0.00233643 9.19163e-06 0.583834 20.4695 0 0.000654728 114.661 0.0810343 0.000153411 0.00229915 0.0485363 0 0.00121608 0.0242518 86.4009 0.0331564 0 0.317919 2.34408 1.09832
5.94 0.272946 0.00233759 9.27312e-06 0.583834 20.4631 0 0.000655801 114.681 0.0810343 0.000153463 0.00229919 0.0485363 0 0.00121897 0.024131 86.4009 0.0331564 0 0.317919 2.34726 1.09832
5.96 0.272946 0.00233875 9.3553e-06 0.583834 20.4568 0 0.000656884 114.701 0.0810343 0.000153515 0.00229922 0.0485363 0 0.00122188 0.0240104 86.4009 0.0331564 0 0.317919 2.35047 1.09832
5.98 0.272946 0.00233993 9.43818e-06 0.583834 20.4506 0 0.000657978 114.721 0.0810343 0.000153567 0.00229925 0.0485363 0 0.00122482 0.0238901 86.4009 0.0331564 0 0.317919 2.35372 1.09832
6 0.272946 0.00234111 9.52176e-06 0.583834 20.4445 0 0.000659082 114.742 0.0810343 0.00015362 0.00229929 0.0485363 0 0.00122776 0.0237701 86.4009 0.0331564 0 0.317919 2.35701 1.09832
6.02 0.272946 0.00234231 9.60604e-06 0.583834 20.4386 0 0.000660197 114.762 0.0810343 0.000153674 0.00229932 0.0485363 0 0.00123073 0.0236503 86.4009 0.0331564 0 0.317919 2.36035 1.09832
6.04 0.272946 0.00234351 9.69104e-06 0.583834 20.4327 0 0.000661323 114.783 0.0810343 0.000153728 0.00229936 0.0485363 0 0.00123372 0.0235308 86.4009 0.0331564 0 0.317919 2.36372 1.09832
6.06 0.272946 0.00234473 9.77675e-06 0.583834 20.427 0 0.000662459 114.804 0.0810343 0.000153783 0.00229939 0.0485363 0 0.00123672 0.0234115 86.4009 0.0331564 0 0.317919 2.36712 1.09832
6.08 0.272946 0.00234596 9.86318e-06 0.583834 20.4214 0 0.000663607 114.825 0.0810343 0.000153838 0.00229942 0.0485363 0 0.00123974 0.0232925 86.4009 0.0331563 0 0.317919 2.37057 1.09832
6.1 0.272946 0.00234719 9.95034e-06 0.583833 20.416 0 0.000664766 114.846 0.0810343 0.000153893 0.00229946 0.0485363 0 0.00124278 0.0231738 86.4009 0.0331563 0 0.317919 2.37406 1.09832
6.12 0.272946 0.00234844 1.00382e-05 0.583833 20.4106 0 0.000665935 114.868 0.0810343 0.000153949 0.00229949 0.0485363 0 0.00124584 0.0230552 86.4009 0.0331563 0 0.317919 2.37758 1.09832
6.14 0.272946 0.0023497 1.01268e-05 0.583833 20.4054 0 0.000667116 114.889 0.0810343 0.000154006 0.00229953 0.0485363 0 0.00124892 0.022937 86.4009 0.0331563 0 0.317919 2.38115 1.09832
6.16 0.279472 0.00235097 1.02163e-05 0.583833 20.4002 0 0.00066831 114.911 0.0850124 0.000154063 0.00229956 0.0544874 0 0.00125202 0.022819 86.4009 0.0331563 0 0.317919 2.38475 1.09832
6.18 0.279472 0.00235225 1.03065e-05 0.583833 20.3952 0 0.000669516 114.933 0.0850124 0.00015412 0.0022996 0.0544874 0 0.00125513 0.0227012 86.4009 0.0331563 0 0.317919 2.3884 1.09832
6.2 0.279472 0.00235354 1.03974e-05 0.583833 20.3904 0 0.000670733 114.956 0.0850124 0.000154178 0.00229963 0.0544874 0 0.00125827 0.0225837 86.4009 0.0331563 0 0.317919 2.39208 1.09832
6.22 0.279472 0.00235484 1.04892e-05 0.583833 20.3856 0 0.000671962 114.978 0.0850124 0.000154237 0.00229966 0.0544874 0 0.00126143 0.0224664 86.4009 0.0331563 0 0.317919 2.3958 1.09832
6.24 0.279472 0.00235616 1.05817e-05 0.583833 20.381 0 0.000673204 115.001 0.0850124 0.000154296 0.0022997 0.0544874 0 0.00126461 0.0223494 86.4009 0.0331563 0 0.317919 2.39956 1.09832
6.26 0.279472 0.00235749 1.0675e-05 0.583832 20.3765 0 0.000674457 115.023 0.0850124 0.000154355 0.00229973 0.0544874 0 0.0012678 0.0222326 86.4009 0.0331563 0 0.317919 2.40336 1.09832
6.28 0.279472 0.00235882 1.0769e-05 0.583832 20.3721 0 0.000675723 115.046 0.0850124 0.000154415 0.00229977 0.0544874 0 0.00127102 0.022116 86.4009 0.0331562 0 0.317919 2.4072 1.09832
6.3 0.279472 0.00236017 1.08639e-05 0.583832 20.3679 0 0.000677002 115.07 0.0850124 0.000154476 0.0022998 0.0544874 0 0.00127426 0.0219996 86.4009 0.0331562 0 0.317919 2.41108 1.09832
6.32 0.279472 0.00236153 1.09596e-05 0.583832 20.3637 0 0.000678292 115.093 0.0850124 0.000154537 0.00229984 0.0544874 0 0.00127752 0.0218835 86.4009 0.0331562 0 0.317919 2.41499 1.09832
6.34 0.279472 0.00236291 1.10561e-05 0.583832 20.3597 0 0.000679595 115.117 0.0850124 0.000154599 0.00229987 0.0544874 0 0.0012808 0.0217676 86.4009 0.0331562 0 0.317919 2.41895 1.09832
6.36 0.279472 0.00236429 1.11534e-05 0.583832 20.3558 0 0.000680911 115.14 0.0850124 0.000154661 0.00229991 0.0544874 0 0.0012841 0.0216519 86.4009 0.0331562 0 0.317919 2.42294 1.09832
6.38 0.279472 0.00236569 1.12515e-05 0.583832 20.3521 0 0.00068224 115.164 0.0850124 0.000154723 0.00229995 0.0544874 0 0.00128742 0.0215364 86.4009 0.0331562 0 0.317919 2.42698 1.09832
6.4 0.279472 0.0023671 1.13505e-05 0.583832 20.3485 0 0.000683581 115.189 0.0850124 0.000154787 0.00229998 0.0544874 0 0.00129077 0.0214211 86.4009 0.0331562 0 0.317919 2.43105 1.09832
6.42 0.286952 0.00236852 1.14503e-05 0.583831 20.345 0 0.000684936 115.213 0.0786612 0.000154851 0.00230002 0.0610971 0 0.00129413 0.021306 86.4009 0.0331562 0 0.317919 2.43516 1.09832
6.44 0.286952 0.00236995 1.15509e-05 0.583831 20.3416 0 0.000686305 115.238 0.0786612 0.000154915 0.00230005 0.0610971 0 0.00129751 0.0211913 86.4009 0.0331562 0 0.317919 2.43931 1.09832
6.46 0.286952 0.0023714 1.16525e-05 0.583831 20.3384 0 0.000687687 115.262 0.0786612 0.00015498 0.00230009 0.0610971 0 0.00130092 0.0210768 86.4009 0.0331562 0 0.317919 2.4435 1.09832
6.48 0.286952 0.00237286 1.17549e-05 0.583831 20.3353 0 0.000689083 115.288 0.0786612 0.000155046 0.00230012 0.0610971 0 0.00130434 0.0209625 86.4009 0.0331561 0 0.317919 2.44773 1.09833
6.5 0.286952 0.00237433 1.18582e-05 0.583831 20.3324 0 0.000690493 115.313 0.0786612 0.000155112 0.00230016 0.0610971 0 0.00130779 0.0208485 86.4009 0.0331561 0 0.317919 2.45199 1.09833
6.52 0.286952 0.00237582 1.19623e-05 0.583831 20.3295 0 0.000691916 115.338 0.0786612 0.000155178 0.00230019 0.0610971 0 0.00131126 0.0207347 86.4009 0.0331561 0 0.317919 2.4563 1.09833
6.54 0.286952 0.00237732 1.20674e-05 0.583831 20.3268 0 0.000693354 115.364 0.0786612 0.000155246 0.00230023 0.0610971 0 0.00131475 0.0206211 86.4009 0.0331561 0 0.317919 2.46064 1.09833
6.56 0.286952 0.00237883 1.21734e-05 0.58383 20.3243 0 0.000694805 115.39 0.0786612 0.000155314 0.00230027 0.0610971 0 0.00131826 0.0205078 86.4009 0.0331561 0 0.317919 2.46503 1.09833
6.58 0.286952 0.00238036 1.22802e-05 0.58383 20.3219 0 0.000696271 115.416 0.0786612 0.000155382 0.0023003 0.0610971 0 0.00132179 0.0203947 86.4009 0.0331561 0 0.317919 2.46945 1.09833
6.6 0.286952 0.0023819 1.2388e-05 0.58383 20.3196 0 0.000697752 115.443 0.0786612 0.000155451 0.00230034 0.0610971 0 0.00132535 0.0202819 86.4009 0.0331561 0 0.317919 2.47392 1.09833
6.62 0.286952 0.00238346 1.24967e-05 0.58383 20.3174 0 0.000699247 115.469 0.0786612 0.000155521 0.00230038 0.0610971 0 0.00132892 0.0201693 86.4009 0.0331561 0 0.317919 2.47842 1.09833
6.64 0.286952 0.00238503 1.26064e-05 0.58383 20.3154 0 0.000700756 115.496 0.0786612 0.000155591 0.00230041 0.0610971 0 0.00133252 0.020057 86.4009 0.033156 0 0.317919 2.48296 1.09833
6.66 0.286952 0.00238661 1.27169e-05 0.58383 20.3136 0 0.000702281 115.523 0.0786612 0.000155662 0.00230045 0.0610971 0 0.00133614 0.0199449 86.4009 0.033156 0 0.317919 2.48754 1.09833
6.68 0.295402 0.00238821 1.28284e-05 0.58383 20.3119 0 0.000703821 115.551 0.0777882 0.000155734 0.00230049 0.0685238 0 0.00133978 0.019833 86.4009 0.033156 0 0.317919 2.49216 1.09833
6.7 0.295402 0.00238982 1.29409e-05 0.583829 20.3103 0 0.000705375 115.578 0.0777882 0.000155806 0.00230052 0.0685238 0 0.00134344 0.0197213 86.4009 0.033156 0 0.317919 2.49682 1.09833
6.72 0.295402 0.00239144 1.30543e-05 0.583829 20.3088 0 0.000706945 115.606 0.0777882 0.000155879 0.00230056 0.0685238 0 0.00134713 0.0196097 86.4009 0.033156 0 0.317919 2.50151 1.09833
6.74 0.295402 0.00239308 1.31686e-05 0.583829 20.3075 0 0.00070853 115.634 0.0777882 0.000155952 0.0023006 0.0685238 0 0.00135085 0.0194984 86.4009 0.033156 0 0.317919 2.50625 1.09833
6.76 0.295402 0.00239474 1.3284e-05 0.583829 20.3064 0 0.000710131 115.662 0.0777882 0.000156026 0.00230063 0.0685238 0 0.00135458 0.0193873 86.4009 0.033156 0 0.317919 2.51103 1.09833
6.78 0.295402 0.00239641 1.34003e-05 0.583829 20.3054 0 0.000711748 115.691 0.0777882 0.000156101 0.00230067 0.0685238 0 0.00135834 0.0192764 86.4009 0.033156 0 0.317919 2.51585 1.09833
6.8 0.295402 0.00239809 1.35176e-05 0.583829 20.3045 0 0.00071338 115.72 0.0777882 0.000156176 0.00230071 0.0685238 0 0.00136213 0.0191658 86.4009 0.033156 0 0.317919 2.5207 1.09833
6.82 0.295402 0.00239979 1.36359e-05 0.583829 20.3038 0 0.000715028 115.749 0.0777882 0.000156252 0.00230075 0.0685238 0 0.00136594 0.0190553 86.4009 0.0331559 0 0.317919 2.5256 1.09833
6.84 0.295402 0.00240151 1.37551e-05 0.583828 20.3032 0 0.000716693 115.778 0.0777882 0.000156329 0.00230078 0.0685238 0 0.00136977 0.018945 86.4009 0.0331559 0 0.317919 2.53053 1.09833
6.86 0.295402 0.00240324 1.38754e-05 0.583828 20.3028 0 0.000718373 115.808 0.0777882 0.000156406 0.00230082 0.0685238 0 0.00137363 0.018835 86.4009 0.0331559 0 0.317919 2.53551 1.09833
6.88 0.295402 0.00240499 1.39967e-05 0.583828 20.3026 0 0.00072007 115.838 0.0777882 0.000156484 0.00230086 0.0685238 0 0.00137751 0.0187251 86.4009 0.0331559 0 0.317919 2.54052 1.09833
6.9 0.295402 0.00240675 1.41191e-05 0.583828 20.3025 0 0.000721784 115.868 0.0777882 0.000156563 0.0023009 0.0685238 0 0.00138141 0.0186154 86.4009 0.0331559 0 0.317919 2.54557 1.09833
6.92 0.295402 0.00240853 1.42424e-05 0.583828 20.3025 0 0.000723515 115.898 0.0777882 0.000156642 0.00230093 0.0685238 0 0.00138534 0.018506 86.4009 0.0331559 0 0.317919 2.55067 1.09833
6.94 0.30495 0.00241032 1.43669e-05 0.583828 20.3027 0 0.000725262 115.929 0.0749452 0.000156723 0.00230097 0.0773328 0 0.0013893 0.0183967 86.4009 0.0331559 0 0.317919 2.5558 1.09833
6.96 0.30495 0.00241214 1.44926e-05 0.583827 20.303 0 0.000727031 115.96 0.0749452 0.000156803 0.00230101 0.0773328 0 0.00139328 0.0182878 86.4009 0.0331558 0 0.317919 2.56098 1.09834
6.98 0.30495 0.00241397 1.46195e-05 0.583827 20.3035 0 0.000728818 115.991 0.0749452 0.000156885 0.00230105 0.0773328 0 0.00139728 0.0181792 86.4009 0.0331558 0 0.317919 2.56619 1.09834

