Time(min) prod sp3 fsc2 qsc2 fum Bypass qh psi fc1 ROS_c2 ROS_c3 fc2 [Ca²⁺]μM K_i OAAm psio Na_i OAAc Glu_o Glu_i ATP
0.02 4.18142 0.00133757 0.000103688 0.583798 0.000441448 0 0.00620743 94.824 0.407972 2.93225e-06 1.10273e-05 0.495069 0 6.90076e-07 0.0163598 86.2726 1.19405 0 0.00155016 0.0493026 1.02907
0.04 1.09726 0.00197004 7.27662e-05 0.583833 0.00037934 0 0.00264713 107.898 0.220954 3.41667e-06 1.10699e-05 0.341668 0 1.94156e-06 0.0241073 86.3047 0.317831 0 0.00170187 0.0989739 1.08163
0.06 0.694738 0.00258709 5.68065e-05 0.583849 0.000366364 0 0.00167921 118.864 0.121178 3.77463e-06 1.11358e-05 0.270266 0 4.09237e-06 0.0315824 86.3151 0.13514 0 0.00188464 0.148567 1.09334
0.08 0.573716 0.00266961 4.82441e-05 0.583858 0.000387347 0 0.00142462 120.315 0.0599082 4.06666e-06 1.12113e-05 0.224056 0 7.39913e-06 0.0378403 86.3225 0.0990018 0 0.00210662 0.198042 1.09534
0.1 0.53539 0.00262696 4.29195e-05 0.583863 0.000436159 0 0.00131517 119.615 0.0907003 4.32098e-06 1.12818e-05 0.203699 0 1.20233e-05 0.0431684 86.3292 0.0919948 0 0.00238125 0.247339 1.09569
0.12 0.503832 0.00257495 3.88752e-05 0.583867 0.000513721 0 0.00124549 118.745 0.0732362 4.54976e-06 1.13462e-05 0.182879 0 1.79523e-05 0.0482709 86.3357 0.0904194 0 0.0027292 0.296381 1.09574
0.14 0.481232 0.00252715 3.53408e-05 0.583871 0.000629 0 0.00118885 117.942 0.0748818 4.75747e-06 1.14056e-05 0.165974 0 2.50256e-05 0.0536933 86.3421 0.0899566 0 0.00318267 0.345067 1.09573
0.16 0.461133 0.00248384 3.20285e-05 0.583874 0.00080292 0 0.0011372 117.212 0.0777881 4.94603e-06 1.14607e-05 0.150037 0 3.2984e-05 0.059811 86.3484 0.08955 0 0.00379655 0.393257 1.09572
0.18 0.442182 0.00244415 2.88772e-05 0.583877 0.00107112 0 0.00108885 116.541 0.0793321 5.11648e-06 1.15121e-05 0.134875 0 4.15246e-05 0.0668666 86.3546 0.0889579 0 0.00466353 0.440758 1.09572
0.2 0.425393 0.00240906 2.59372e-05 0.58388 0.00151033 0 0.00104386 115.945 0.0851648 5.26985e-06 1.15603e-05 0.12163 0 5.04501e-05 0.0748912 86.3608 0.0879816 0 0.00596836 0.487255 1.09574
0.22 0.410427 0.00238109 2.33334e-05 0.583883 0.00225557 0 0.00100295 115.47 0.0897703 5.40765e-06 1.16059e-05 0.110487 0 5.9594e-05 0.083633 86.367 0.0862584 0 0.00807441 0.532221 1.0958
0.24 0.391858 0.00236447 2.11573e-05 0.583885 0.00347764 0 0.000964768 115.19 0.0919313 5.53201e-06 1.16494e-05 0.0985919 0 6.90498e-05 0.0925432 86.3736 0.0829401 0 0.0117607 0.574658 1.09594
0.26 0.375656 0.00236545 1.94558e-05 0.583887 0.00532997 0 0.000925664 115.217 0.0913446 5.64551e-06 1.16915e-05 0.0910948 0 7.89983e-05 0.100881 86.3808 0.0766154 0 0.0185015 0.612771 1.09623
0.28 0.359373 0.00238939 1.81937e-05 0.583888 0.00781239 0 0.000881314 115.644 0.0883694 5.75073e-06 1.17332e-05 0.0860659 0 8.94013e-05 0.108087 86.3883 0.0661911 0 0.0302639 0.644113 1.09672
0.3 0.342924 0.00242881 1.72938e-05 0.583889 0.0108851 0 0.000835722 116.339 0.080235 5.84994e-06 1.17751e-05 0.08238 0 0.000100103 0.113901 86.3943 0.0538428 0 0.0475999 0.667544 1.09732
0.32 0.326103 0.00246266 1.6682e-05 0.583889 0.0145502 0 0.000800874 116.932 0.0798755 5.94495e-06 1.18176e-05 0.0791245 0 0.000111203 0.118258 86.3977 0.0441282 0 0.0683395 0.684755 1.0978
0.34 0.318626 0.00248201 1.62936e-05 0.58389 0.0187305 0 0.000780306 117.271 0.0766564 6.03722e-06 1.18605e-05 0.0776464 0 0.000122902 0.121261 86.3994 0.0383343 0 0.0898357 0.698182 1.09809
0.36 0.314614 0.00248953 1.60795e-05 0.58389 0.0233037 0 0.000770685 117.402 0.0789424 6.1278e-06 1.19036e-05 0.0768091 0 0.000135365 0.123064 86.4001 0.0355504 0 0.110544 0.709384 1.09824
0.38 0.312692 0.00249118 1.6013e-05 0.58389 0.0282075 0 0.000767807 117.429 0.0776061 6.21759e-06 1.19467e-05 0.0766386 0 0.000148746 0.123777 86.4004 0.0343674 0 0.129777 0.719164 1.0983
0.4 0.312814 0.00249143 1.60855e-05 0.58389 0.0334733 0 0.000768852 117.432 0.0774779 6.3074e-06 1.19898e-05 0.0769269 0 0.000163242 0.123427 86.4006 0.0338449 0 0.147386 0.727834 1.09832
0.42 0.313978 0.0024923 1.63007e-05 0.58389 0.0391896 0 0.000772711 117.445 0.0772355 6.39801e-06 1.2033e-05 0.0781039 0 0.000179098 0.122012 86.4006 0.0335811 0 0.163421 0.735517 1.09834
0.44 0.316996 0.0024946 1.66688e-05 0.583889 0.0454655 0 0.000779142 117.482 0.0769402 6.49026e-06 1.20764e-05 0.080688 0 0.000196611 0.11953 86.4007 0.0334394 0 0.177988 0.74228 1.09834
0.46 0.319525 0.00249885 1.72065e-05 0.583889 0.0524308 0 0.000788228 117.552 0.0769375 6.58504e-06 1.21202e-05 0.0828785 0 0.000216139 0.115995 86.4007 0.0333609 0 0.191205 0.748182 1.09835
0.48 0.328473 0.00250556 1.79386e-05 0.583888 0.0602328 0 0.00080026 117.663 0.0752665 6.68337e-06 1.21646e-05 0.0906516 0 0.000238114 0.11144 86.4008 0.0333117 0 0.203186 0.753282 1.09835
0.5 0.328473 0.00251534 1.89026e-05 0.583887 0.0690524 0 0.000815793 117.826 0.0752665 6.78647e-06 1.22097e-05 0.0906516 0 0.000263091 0.105919 86.4008 0.0332781 0 0.214042 0.75765 1.09836
0.52 0.335879 0.00252889 2.0145e-05 0.583886 0.0791138 0 0.000835565 118.053 0.077548 6.89578e-06 1.2256e-05 0.0973254 0 0.000291694 0.0995056 86.4008 0.0332534 0 0.223875 0.761369 1.09836
0.54 0.345461 0.00254723 2.17368e-05 0.583884 0.090698 0 0.000860757 118.36 0.083816 7.01309e-06 1.23037e-05 0.106033 0 0.000324734 0.0922904 86.4008 0.0332346 0 0.23278 0.764538 1.09836
0.56 0.357983 0.00257184 2.3783e-05 0.583882 0.104172 0 0.000893191 118.771 0.092967 7.14064e-06 1.23534e-05 0.117505 0 0.000363275 0.084384 86.4008 0.0332203 0 0.240844 0.767277 1.09837
0.58 0.374956 0.00260487 2.64358e-05 0.58388 0.120016 0 0.000935659 119.323 0.078417 7.28133e-06 1.24059e-05 0.132655 0 0.000408689 0.0759142 86.4008 0.0332089 0 0.248147 0.769731 1.09838
0.6 0.397494 0.0026494 2.99129e-05 0.583876 0.138866 0 0.000992323 120.064 0.0609342 7.43891e-06 1.24621e-05 0.15329 0 0.000462625 0.0670236 86.4009 0.0331997 0 0.254762 0.772074 1.09839
0.62 0.427723 0.00271028 3.45594e-05 0.583871 0.161676 0 0.00107 121.074 0.152451 7.61897e-06 1.25237e-05 0.181941 0 0.000526978 0.0578899 86.4009 0.0331924 0 0.260753 0.774528 1.0984
0.64 0.467988 0.00279504 4.09239e-05 0.583865 0.189834 0 0.00118048 122.473 0.0595782 7.82958e-06 1.25938e-05 0.218253 0 0.00060411 0.0487057 86.4009 0.0331864 0 0.266177 0.777362 1.09842
0.66 0.518015 0.00291548 4.99405e-05 0.583855 0.22541 0 0.00134563 124.445 0.0331865 8.08277e-06 1.26775e-05 0.264335 0 0.000696858 0.0396822 86.4009 0.0331813 0 0.271086 0.780899 1.09845
0.68 0.564695 0.00309048 6.32664e-05 0.583842 0.271633 0 0.00160726 127.281 0.0361513 8.39739e-06 1.27853e-05 0.307746 0 0.000807784 0.0310469 86.4009 0.0331767 0 0.27553 0.785519 1.09848
0.7 0.68165 0.0033494 8.40938e-05 0.58382 0.333918 0 0.00205605 131.397 0.0180296 8.8055e-06 1.29419e-05 0.417781 0 0.000938611 0.0230512 86.4009 0.0331724 0 0.279553 0.791649 1.09853
0.72 0.880465 0.00373871 0.000118792 0.583784 0.421855 0 0.00289979 137.273 0.0138803 9.36488e-06 1.32162e-05 0.608857 0 0.0010879 0.0159917 86.4009 0.0331681 0 0.283194 0.799725 1.09859
0.74 1.16999 0.00437038 0.00018028 0.58372 0.553412 0 0.004668 145.211 0.0118149 1.01853e-05 1.38452e-05 0.893327 0 0.0012476 0.0102062 86.4009 0.0331638 0 0.28649 0.810082 1.09866
0.76 1.8523 0.00576172 0.000293541 0.583602 0.763322 0 0.00894392 155.059 0.12655 1.14795e-05 1.58316e-05 1.55886 0 0.00140234 0.00594322 86.4009 0.0331594 0 0.289474 0.822786 1.09875
0.78 2.78373 0.0104531 0.000501219 0.583378 1.11706 0 0.021757 166.143 -0.0302214 1.36483e-05 2.39101e-05 2.42518 0 0.00153705 0.00317182 86.4009 0.0331552 0 0.292174 0.837532 1.09883
0.8 4.5233 0.024912 0.000853417 0.582959 1.725 0 0.0744013 176.317 0.00752742 1.73662e-05 5.66613e-05 4.13345 0 0.00164628 0.00158062 86.4009 0.0331514 0 0.294618 0.853764 1.0989
0.82 5.81046 0.0353877 0.00132848 0.582114 2.72043 0 0.32893 180.361 0.000621107 2.34514e-05 0.000133159 6.47689 0 0.00173412 0.000772784 86.4009 0.0331486 0 0.29683 0.870903 1.09893
0.84 6.08013 0.0335737 0.00172725 0.580343 4.13235 0 0.926516 180.961 0.000452125 3.20986e-05 0.000223835 8.21611 0 0.00180851 0.000406834 86.4009 0.0331469 0 0.298833 0.888515 1.09893
0.86 6.15452 0.0255288 0.00189365 0.575374 5.79482 0 1.75621 181.135 0.000134005 4.23416e-05 0.000304576 8.91453 0 0.00187685 0.000243482 86.4009 0.0331458 0 0.300645 0.906345 1.09893
0.88 6.20688 0.0188971 0.00198897 0.543466 7.49912 0 2.56533 180.918 -0.000235723 5.31191e-05 0.000366387 8.7257 0 0.00194345 0.000159228 86.4009 0.0331449 0 0.302285 0.924279 1.09893
0.9 6.15773 0.194815 0.0163323 0.127099 9.04791 0 2.94046 177.985 0.000304268 8.14848e-05 0.00056918 6.06274 0 0.00201004 0.000107967 86.4009 0.0331443 0 0.303769 0.942273 1.09892
0.92 3.63778 0.739923 0.0483241 0.00375088 9.66543 0 2.91956 158.732 0.00207192 0.000290562 0.00230527 1.04162 0 0.00207395 0.000156268 86.4009 0.0331455 0 0.305113 0.960279 1.0988
0.94 0.975302 0.841352 0.0252769 0.000916481 9.72773 0 2.90981 128.427 0.013823 0.000508482 0.00517939 -0.00911766 0 0.00210677 0.00102423 86.4009 0.0331507 0 0.306329 0.977972 1.09852
0.96 0.182253 0.84229 0.0122627 0.00105027 9.71068 0 2.91443 104.182 0.0771622 0.000604174 0.00814658 -0.0566348 0 0.00196157 0.00677365 86.4009 0.0331592 0 0.30743 0.992998 1.09818
0.98 0.0599725 0.84279 0.00991753 0.001339 9.67875 0 2.92546 94.4728 0.121129 0.000664676 0.0111142 -0.0539369 0 0.0017046 0.0169799 86.4009 0.0331671 0 0.308426 1.0003 1.09797
1 0.0619838 0.843249 0.00908607 0.00165527 9.64865 0 2.93602 87.1729 0.0696256 0.000717653 0.0140818 -0.0454478 0 0.00163821 0.0209637 86.4009 0.0331722 0 0.309327 1.00203 1.09781
1.02 0.0725393 0.843552 0.00863631 0.00198536 9.62686 0 2.94328 74.7267 0.0115376 0.000767099 0.0170494 -0.0308711 0 0.0017324 0.0180409 86.4009 0.0331788 0 0.310143 1.00303 1.09749
1.04 0.0817647 0.843618 0.00903374 0.00227862 9.61988 0 2.9452 48.9608 0.000979937 0.000815821 0.0200168 0.00955504 0 0.00201955 0.00896042 86.4009 0.0331972 0 0.310881 1.00797 1.09642
1.06 0.07442 0.843633 0.0119947 0.00225443 9.631 0 2.9452 29.0226 0.00179505 0.00087333 0.0229843 0.129419 0 0.00228304 0.00318134 86.4009 0.0332446 0 0.311549 1.01985 1.09426
1.08 0.0552506 0.843693 0.0188123 0.00169612 9.66548 0 2.94529 14.3094 0.00338626 0.000958277 0.0259518 0.222448 0 0.00242476 0.00132388 86.4009 0.033328 0 0.312154 1.03542 1.09043
1.1 0.0400487 0.843736 0.0251682 0.00110073 9.70385 0 2.94538 4.94702 0.00379988 0.00108274 0.0289196 0.149393 0 0.00251222 0.00085593 86.4008 0.0335009 0 0.312701 1.05221 1.08234
1.12 0.0350862 0.843751 0.0288075 0.000801855 9.7266 0 2.94542 2.22851 0.00354701 0.00123477 0.0318874 0.0793839 0 0.00258734 0.000699557 86.4008 0.0338003 0 0.313197 1.06932 1.07056
1.14 0.0337187 0.843756 0.0309685 0.00068336 9.73839 0 2.94543 1.41421 0.00346385 0.00140266 0.0348553 0.0485782 0 0.00266027 0.000619989 86.4007 0.0341799 0 0.313645 1.08655 1.05763
1.16 0.0331019 0.843758 0.032171 0.000639221 9.74524 0 2.94544 1.04332 0.00342097 0.00157976 0.0378232 0.032579 0 0.00273257 0.000578653 86.4006 0.0345967 0 0.314051 1.10384 1.04439
1.18 0.0328438 0.843759 0.0328705 0.000621632 9.75018 0 2.94544 0.831145 0.00341715 0.00176197 0.0407911 0.0264673 0 0.00280507 0.00055495 86.4005 0.0350335 0 0.314419 1.12115 1.03105
1.2 0.0327532 0.843759 0.0333481 0.000613643 9.7544 0 2.94543 0.691486 0.00342145 0.00194745 0.043759 0.0243684 0 0.00287818 0.000538639 86.4004 0.0354849 0 0.314751 1.13847 1.01768
1.22 0.0326673 0.843759 0.0337551 0.000608537 9.75839 0 2.94543 0.593472 0.00342541 0.00213539 0.0467269 0.0240303 0 0.00295213 0.000524796 86.4004 0.0359492 0 0.315052 1.15578 1.0043
1.24 0.0325828 0.843759 0.0341509 0.000604172 9.76232 0 2.94543 0.519074 0.00342759 0.00232554 0.0496948 0.0242671 0 0.00302698 0.00051164 86.4003 0.0364259 0 0.315324 1.1731 0.990927
1.26 0.0325828 0.843759 0.0345455 0.000600147 9.76622 0 2.94543 0.461259 0.00342759 0.00251789 0.0526627 0.0242671 0 0.00310276 0.00049889 86.4002 0.0369154 0 0.315571 1.19041 0.977553
1.28 0.0325371 0.843759 0.0349403 0.000596331 9.77011 0 2.94542 0.415046 0.00342725 0.00271246 0.0556306 0.024213 0 0.00317944 0.0004865 86.4001 0.037418 0 0.315795 1.20772 0.964186
1.3 0.0324978 0.843759 0.0353356 0.000592638 9.77398 0 2.94542 0.376857 0.00342591 0.00290923 0.0585985 0.0239958 0 0.00325702 0.000474458 86.4 0.0379341 0 0.315998 1.22503 0.950828
1.32 0.032457 0.843759 0.0357312 0.000589033 9.77785 0 2.94542 0.345405 0.00342406 0.00310822 0.0615663 0.023917 0 0.00333551 0.000462757 86.3999 0.0384641 0 0.316181 1.24234 0.937478
1.34 0.0324056 0.843759 0.0361263 0.000585509 9.78171 0 2.94542 0.319147 0.0034205 0.00330942 0.0645342 0.0240172 0 0.00341488 0.000451405 86.3998 0.0390087 0 0.316347 1.25965 0.924138
1.36 0.032359 0.843759 0.0365201 0.000582069 9.78556 0 2.94541 0.296563 0.0034164 0.00351283 0.0675021 0.0232117 0 0.00349514 0.000440415 86.3997 0.0395683 0 0.316497 1.27696 0.910809
1.38 0.032359 0.843759 0.0369115 0.000578717 9.78941 0 2.94541 0.276754 0.0034164 0.00371842 0.07047 0.0232117 0 0.00357627 0.00042979 86.3996 0.0401436 0 0.316633 1.29427 0.897492
1.4 0.0323153 0.843759 0.0373 0.000575453 9.79325 0 2.94541 0.25937 0.00341216 0.0039262 0.0734379 0.0226031 0 0.00365827 0.000419525 86.3995 0.0407351 0 0.316757 1.31157 0.884187
1.42 0.0322744 0.843759 0.0376851 0.000572278 9.79708 0 2.9454 0.243932 0.00340783 0.00413614 0.0764058 0.0226646 0 0.00374113 0.000409614 86.3994 0.0413434 0 0.316868 1.32888 0.870895
1.44 0.0322744 0.843759 0.0380664 0.000569188 9.80091 0 2.9454 0.230214 0.00340783 0.00434822 0.0793737 0.0226646 0 0.00382485 0.000400039 86.3993 0.0419695 0 0.316969 1.34619 0.857616
1.46 0.0322008 0.843759 0.0384438 0.000566181 9.80472 0 2.9454 0.217959 0.00339897 0.00456241 0.0823416 0.0237816 0 0.0039094 0.00039079 86.3992 0.0426145 0 0.317061 1.36349 0.844351
1.48 0.0322008 0.843759 0.0388173 0.000563254 9.80854 0 2.9454 0.206895 0.00339897 0.00477868 0.0853095 0.0237816 0 0.0039948 0.000381852 86.3991 0.0432791 0 0.317145 1.3808 0.831101
1.5 0.0322008 0.843758 0.0391867 0.000560407 9.81234 0 2.94539 0.197131 0.00339897 0.00499704 0.0882774 0.0237816 0 0.00408103 0.000373233 86.3989 0.043963 0 0.31722 1.3981 0.817865
1.52 0.0321425 0.843758 0.0395518 0.000557634 9.81614 0 2.94539 0.188202 0.00339124 0.00521745 0.0912453 0.0236898 0 0.00416808 0.000364902 86.3988 0.0446682 0 0.317288 1.4154 0.804644
1.54 0.0321425 0.843758 0.0399123 0.000554933 9.81994 0 2.94539 0.179938 0.00339124 0.00543987 0.0942132 0.0236898 0 0.00425595 0.00035685 86.3987 0.0453955 0 0.31735 1.43271 0.79144
1.56 0.0321425 0.843758 0.0402683 0.000552306 9.82373 0 2.94539 0.172554 0.00339124 0.00566435 0.0971811 0.0236898 0 0.00434465 0.00034909 86.3985 0.0461438 0 0.317405 1.45001 0.778251
1.58 0.0320915 0.843758 0.0406195 0.00054974 9.82751 0 2.94539 0.165518 0.00338392 0.00589075 0.100149 0.0176011 0 0.00443414 0.000341567 86.3984 0.0469175 0 0.317455 1.46731 0.76508
1.6 0.0320915 0.843758 0.040966 0.000547239 9.83129 0 2.94538 0.158982 0.00338392 0.00611911 0.103117 0.0176011 0 0.00452444 0.000334296 86.3983 0.0477154 0 0.317501 1.48461 0.751925
1.62 0.0320436 0.843758 0.0413078 0.000544802 9.83506 0 2.94538 0.152991 0.003377 0.00634943 0.106085 0.0196301 0 0.00461553 0.000327276 86.3981 0.0485379 0 0.317541 1.50192 0.738788
1.64 0.0320436 0.843758 0.041645 0.000542419 9.83883 0 2.94538 0.147533 0.003377 0.0065816 0.109053 0.0196301 0 0.0047074 0.000320463 86.398 0.0493903 0 0.317578 1.51922 0.72567
1.66 0.0320436 0.843758 0.0419776 0.000540095 9.84259 0 2.94538 0.142615 0.003377 0.00681567 0.112021 0.0196301 0 0.00480006 0.00031388 86.3978 0.0502699 0 0.317611 1.53651 0.712571
1.68 0.0319901 0.843758 0.0423055 0.000537825 9.84635 0 2.94537 0.138066 0.0033687 0.0070516 0.114988 0.0217417 0 0.00489349 0.00030751 86.3976 0.05118 0 0.317641 1.55381 0.699491
1.7 0.0319901 0.843758 0.0426288 0.000535604 9.8501 0 2.94537 0.133667 0.0033687 0.0072893 0.117956 0.0217417 0 0.00498768 0.000301334 86.3975 0.0521251 0 0.317669 1.57111 0.686433
1.72 0.0319901 0.843758 0.0429474 0.000533437 9.85385 0 2.94537 0.129564 0.0033687 0.00752883 0.120924 0.0217417 0 0.00508263 0.000295364 86.3973 0.0531022 0 0.317693 1.58841 0.673395
1.74 0.0319437 0.843758 0.0432613 0.000531322 9.8576 0 2.94537 0.125757 0.00336134 0.00777018 0.123892 0.0117186 0 0.00517835 0.000289601 86.3971 0.0541114 0 0.317715 1.6057 0.660377
1.76 0.0319437 0.843758 0.0435702 0.000529247 9.86134 0 2.94537 0.122075 0.00336134 0.00801312 0.12686 0.0117186 0 0.00527479 0.000283988 86.3969 0.0551618 0 0.317735 1.623 0.647383
1.78 0.0319437 0.843758 0.0438742 0.000527219 9.86508 0 2.94536 0.118611 0.00336134 0.00825778 0.129828 0.0117186 0 0.00537196 0.000278556 86.3967 0.0562483 0 0.317753 1.64029 0.634412
1.8 0.0319437 0.843758 0.0441734 0.000525238 9.86882 0 2.94536 0.115367 0.00336134 0.00850416 0.132796 0.0117186 0 0.00546988 0.000273306 86.3965 0.0573709 0 0.31777 1.65759 0.621462
1.82 0.0319015 0.843758 0.0444676 0.000523296 9.87255 0 2.94536 0.112276 0.00335449 0.00875218 0.135764 0.0100353 0 0.00556852 0.000268201 86.3963 0.0585383 0 0.317784 1.67488 0.608537
1.84 0.0319015 0.843758 0.0447569 0.000521389 9.87628 0 2.94536 0.10931 0.00335449 0.0090018 0.138732 0.0100353 0 0.00566787 0.000263226 86.3961 0.059754 0 0.317798 1.69217 0.595639
1.86 0.0319015 0.843758 0.0450412 0.000519523 9.88 0 2.94536 0.106505 0.00335449 0.00925307 0.1417 0.0100353 0 0.00576795 0.0002584 86.3959 0.0610133 0 0.317809 1.70946 0.582766
1.88 0.031863 0.843757 0.0453207 0.000517694 9.88372 0 2.94535 0.103857 0.00334808 0.00950596 0.144667 0.0173656 0 0.00586875 0.000253721 86.3956 0.0623186 0 0.31782 1.72675 0.569917
1.9 0.031863 0.843757 0.0455957 0.000515896 9.88744 0 2.94535 0.101318 0.00334808 0.0097603 0.147635 0.0173656 0 0.00597022 0.000249154 86.3954 0.0636877 0 0.317829 1.74404 0.557101
1.92 0.031863 0.843757 0.045866 0.000514132 9.89116 0 2.94535 0.0989174 0.00334808 0.0100162 0.150603 0.0173656 0 0.0060724 0.00024472 86.3951 0.0651101 0 0.317838 1.76133 0.544313
1.94 0.031863 0.843757 0.0461316 0.000512404 9.89487 0 2.94535 0.0966538 0.00334808 0.0102736 0.153571 0.0173656 0 0.00617527 0.000240417 86.3949 0.0665857 0 0.317846 1.77862 0.531553
1.96 0.0317969 0.843757 0.0463929 0.000510703 9.89858 0 2.94535 0.0944804 0.00333677 0.0105324 0.156539 0.0246423 0 0.0062788 0.000236223 86.3946 0.068145 0 0.317853 1.79591 0.518831
1.98 0.0317969 0.843757 0.04665 0.000509031 9.90229 0 2.94534 0.092397 0.00333677 0.0107926 0.159507 0.0246423 0 0.00638298 0.000232136 86.3943 0.069788 0 0.317859 1.81319 0.506148
2 0.0317969 0.843757 0.0469026 0.000507388 9.90599 0 2.94534 0.0904186 0.00333677 0.0110542 0.162475 0.0246423 0 0.00648783 0.000228164 86.394 0.071505 0 0.317865 1.83047 0.4935
2.02 0.0317969 0.843757 0.0471509 0.000505776 9.90969 0 2.94534 0.0885452 0.00333677 0.0113171 0.165443 0.0246423 0 0.00659334 0.000224307 86.3936 0.0732961 0 0.31787 1.84776 0.480887
2.04 0.0317969 0.843757 0.0473947 0.000504194 9.91339 0 2.94534 0.0867767 0.00333677 0.0115815 0.168411 0.0246423 0 0.00669953 0.000220565 86.3933 0.0751613 0 0.317875 1.86504 0.46831
2.06 0.0317969 0.843757 0.0476342 0.000502642 9.91709 0 2.94534 0.0851133 0.00333677 0.0118473 0.171379 0.0246423 0 0.00680638 0.000216939 86.393 0.0771006 0 0.317879 1.88232 0.455767
2.08 0.0317969 0.843757 0.0478692 0.00050112 9.92079 0 2.94534 0.0835549 0.00333677 0.0121146 0.174346 0.0246423 0 0.0069139 0.000213428 86.3926 0.0791139 0 0.317882 1.8996 0.44326
2.1 0.0317482 0.843757 0.0480998 0.000499614 9.92448 0 2.94533 0.0819652 0.00332817 0.0123828 0.177314 0.0231069 0 0.007022 0.000209964 86.3922 0.0812867 0 0.317886 1.91688 0.430816
2.12 0.0317482 0.843757 0.048326 0.00049813 9.92817 0 2.94533 0.0804154 0.00332817 0.0126524 0.180282 0.0231069 0 0.00713073 0.000206581 86.3918 0.0835744 0 0.317889 1.93416 0.418422
2.14 0.0317482 0.843757 0.0485478 0.000496673 9.93186 0 2.94533 0.0789285 0.00332817 0.0129232 0.18325 0.0231069 0 0.0072401 0.000203293 86.3914 0.0859625 0 0.317891 1.95143 0.406071
2.16 0.0317482 0.843757 0.0487652 0.00049524 9.93554 0 2.94533 0.0775043 0.00332817 0.0131954 0.186218 0.0231069 0 0.00735011 0.000200098 86.3909 0.0884512 0 0.317893 1.96871 0.393765
2.18 0.0317482 0.843757 0.0489782 0.000493834 9.93923 0 2.94533 0.0761429 0.00332817 0.0134688 0.189186 0.0231069 0 0.00746076 0.000196998 86.3904 0.0910404 0 0.317895 1.98598 0.381502
2.2 0.0317482 0.843757 0.0491867 0.000492453 9.94291 0 2.94533 0.0748443 0.00332817 0.0137436 0.192154 0.0231069 0 0.00757205 0.000193991 86.3899 0.0937301 0 0.317896 2.00326 0.369284
2.22 0.0317087 0.843757 0.0493917 0.000491086 9.94659 0 2.94532 0.073583 0.00332106 0.0140193 0.195122 -0.0028506 0 0.0076839 0.000191032 86.3894 0.096636 0 0.317897 2.02053 0.357148
2.24 0.0317087 0.843756 0.049593 0.000489733 9.95027 0 2.94532 0.0723619 0.00332106 0.014296 0.19809 -0.0028506 0 0.00779631 0.000188126 86.3889 0.0997453 0 0.317898 2.0378 0.34509
2.26 0.0317087 0.843756 0.0497902 0.000488401 9.95394 0 2.94532 0.0711923 0.00332106 0.0145739 0.201058 -0.0028506 0 0.00790933 0.000185293 86.3883 0.103006 0 0.317899 2.05507 0.333094
2.28 0.0317087 0.843756 0.0499833 0.000487088 9.95762 0 2.94532 0.0700741 0.00332106 0.014853 0.204025 -0.0028506 0 0.00802295 0.000182533 86.3876 0.10642 0 0.3179 2.07234 0.321158
2.3 0.0317087 0.843756 0.0501725 0.000485797 9.96129 0 2.94532 0.0690073 0.00332106 0.0151332 0.206993 -0.0028506 0 0.00813717 0.000179847 86.387 0.109985 0 0.3179 2.08961 0.309284
2.32 0.0317087 0.843756 0.0503575 0.000484525 9.96496 0 2.94532 0.0679921 0.00332106 0.0154145 0.209961 -0.0028506 0 0.008252 0.000177234 86.3863 0.113702 0 0.3179 2.10688 0.29747
2.34 0.0316721 0.843756 0.050539 0.000483269 9.96863 0 2.94531 0.0670048 0.00331432 0.0156968 0.212929 0.0102688 0 0.00836738 0.000174677 86.3856 0.117711 0 0.3179 2.12414 0.285764
2.36 0.0316721 0.843756 0.0507171 0.000482026 9.9723 0 2.94531 0.0660323 0.00331432 0.0159799 0.215897 0.0102688 0 0.00848327 0.000172167 86.3848 0.12209 0 0.317901 2.14141 0.274192
2.38 0.0316721 0.843756 0.0508913 0.000480801 9.97596 0 2.94531 0.0650965 0.00331432 0.0162641 0.218865 0.0102688 0 0.00859973 0.000169719 86.384 0.126709 0 0.317901 2.15867 0.262709
2.4 0.0316721 0.843756 0.0510618 0.000479593 9.97963 0 2.94531 0.0641974 0.00331432 0.0165492 0.221833 0.0102688 0 0.00871676 0.000167334 86.3831 0.131568 0 0.3179 2.17593 0.251317
2.42 0.0316721 0.843756 0.0512285 0.000478403 9.98329 0 2.94531 0.063335 0.00331432 0.0168354 0.224801 0.0102688 0 0.00883436 0.000165011 86.3821 0.136666 0 0.3179 2.19319 0.240014
2.44 0.0316721 0.843756 0.0513915 0.00047723 9.98695 0 2.94531 0.0625092 0.00331432 0.0171226 0.227769 0.0102688 0 0.00895253 0.000162751 86.3812 0.142005 0 0.3179 2.21045 0.228802
2.46 0.031643 0.843756 0.0515508 0.000476072 9.99061 0 2.94531 0.0617186 0.0033089 0.0174107 0.230737 0.025894 0 0.00907123 0.000160544 86.3801 0.147764 0 0.317899 2.22771 0.21774
2.48 0.031643 0.843756 0.0517071 0.000474925 9.99427 0 2.94531 0.0609599 0.0033089 0.0176995 0.233704 0.025894 0 0.00919042 0.000158371 86.3789 0.154309 0 0.317899 2.24497 0.206948
2.5 0.031643 0.843756 0.0518599 0.000473793 9.99792 0 2.9453 0.0602364 0.0033089 0.0179891 0.236672 0.025894 0 0.00931014 0.00015625 86.3776 0.16128 0 0.317898 2.26222 0.196308
2.52 0.031643 0.843756 0.0520091 0.000472676 10.0016 0 2.9453 0.0595478 0.0033089 0.0182797 0.23964 0.025894 0 0.0094304 0.000154182 86.3763 0.168679 0 0.317897 2.27948 0.18582
2.54 0.031643 0.843756 0.0521548 0.000471574 10.0052 0 2.9453 0.0588944 0.0033089 0.0185712 0.242608 0.025894 0 0.0095512 0.000152167 86.3748 0.176504 0 0.317897 2.29673 0.175484
2.56 0.031643 0.843756 0.0522969 0.000470487 10.0089 0 2.9453 0.058276 0.0033089 0.0188636 0.245576 0.025894 0 0.00967254 0.000150205 86.3733 0.184756 0 0.317896 2.31398 0.165299
2.58 0.0316208 0.843756 0.0524361 0.000469409 10.0125 0 2.9453 0.0576687 0.00330465 0.0191567 0.248544 0.0260679 0 0.00979435 0.000148267 86.3716 0.193902 0 0.317895 2.33124 0.155421
2.6 0.0316208 0.843756 0.0525723 0.00046834 10.0162 0 2.9453 0.0570788 0.00330465 0.0194505 0.251512 0.0260679 0 0.00991665 0.00014636 86.3698 0.203818 0 0.317894 2.34849 0.145807
2.62 0.0316208 0.843756 0.0527052 0.000467283 10.0198 0 2.9453 0.0565136 0.00330465 0.0197451 0.25448 0.0260679 0 0.0100395 0.000144495 86.3679 0.214363 0 0.317893 2.36574 0.136411
2.64 0.0316208 0.843756 0.0528348 0.000466239 10.0235 0 2.9453 0.0559731 0.00330465 0.0200404 0.257448 0.0260679 0 0.0101628 0.000142669 86.3658 0.225536 0 0.317891 2.38298 0.127233
2.66 0.0316208 0.843755 0.0529612 0.000465206 10.0271 0 2.94529 0.0554573 0.00330465 0.0203366 0.260416 0.0260679 0 0.0102866 0.000140884 86.3637 0.237338 0 0.31789 2.40023 0.118274
2.68 0.031601 0.843755 0.0530849 0.000464183 10.0308 0 2.94529 0.0549677 0.00330078 0.0206334 0.263383 0.0243895 0 0.0104109 0.000139131 86.3613 0.25033 0 0.317889 2.41748 0.109718
2.7 0.031601 0.843755 0.0532057 0.00046317 10.0344 0 2.94529 0.054504 0.00330078 0.0209308 0.266351 0.0243895 0 0.0105356 0.000137411 86.3587 0.264392 0 0.317887 2.43472 0.101524
2.72 0.031601 0.843755 0.0533236 0.000462168 10.0381 0 2.94529 0.0540657 0.00330078 0.0212289 0.269319 0.0243895 0 0.0106609 0.000135727 86.356 0.279351 0 0.317886 2.45196 0.0936372
2.74 0.031601 0.843755 0.0534385 0.000461176 10.0417 0 2.94529 0.0536528 0.00330078 0.0215277 0.272287 0.0243895 0 0.0107866 0.000134079 86.3531 0.295207 0 0.317885 2.46921 0.0860566
2.76 0.031601 0.843755 0.0535503 0.000460195 10.0453 0 2.94529 0.0532654 0.00330078 0.0218272 0.275255 0.0243895 0 0.0109128 0.000132467 86.35 0.31196 0 0.317883 2.48645 0.0787825
2.78 0.0315848 0.843755 0.0536596 0.000459224 10.049 0 2.94529 0.052904 0.00329755 0.0221273 0.278223 0.0239043 0 0.0110394 0.000130884 86.3467 0.330138 0 0.317881 2.50369 0.0719873
2.8 0.0315848 0.843755 0.0537661 0.000458261 10.0526 0 2.94529 0.0525687 0.00329755 0.0224279 0.281191 0.0239043 0 0.0111665 0.00012933 86.3431 0.349634 0 0.31788 2.52093 0.0656366
2.82 0.0315848 0.843755 0.0538698 0.000457308 10.0562 0 2.94528 0.0522591 0.00329755 0.0227292 0.284159 0.0239043 0 0.011294 0.000127809 86.3393 0.370282 0 0.317878 2.53816 0.0596756
2.84 0.0315848 0.843755 0.0539706 0.000456365 10.0599 0 2.94528 0.0519752 0.00329755 0.0230311 0.287127 0.0239043 0 0.011422 0.00012632 86.3354 0.392081 0 0.317876 2.5554 0.0541044
2.86 0.0315701 0.843755 0.0540688 0.000455432 10.0635 0 2.94528 0.0517159 0.00329454 0.0233336 0.290095 0.0240969 0 0.0115505 0.000124861 86.3312 0.415088 0 0.317874 2.57264 0.0489407
2.88 0.0315701 0.843755 0.0541645 0.000454506 10.0672 0 2.94528 0.0514763 0.00329454 0.0236365 0.293063 0.0240969 0 0.0116793 0.000123425 86.3267 0.439516 0 0.317872 2.58987 0.0442517
2.9 0.0315701 0.843755 0.0542577 0.000453589 10.0708 0 2.94528 0.0512599 0.00329454 0.0239399 0.29603 0.0240969 0 0.0118086 0.000122018 86.322 0.465204 0 0.31787 2.6071 0.039987
2.92 0.0315701 0.843755 0.0543482 0.00045268 10.0744 0 2.94528 0.0510668 0.00329454 0.0242439 0.298998 0.0240969 0 0.0119384 0.000120639 86.3171 0.492152 0 0.317868 2.62434 0.0361466
2.94 0.0315701 0.843755 0.054436 0.000451781 10.078 0 2.94528 0.0508971 0.00329454 0.0245485 0.301966 0.0240969 0 0.0120686 0.000119289 86.312 0.520362 0 0.317866 2.64157 0.0327305
2.96 0.0315567 0.843755 0.0545215 0.000450889 10.0817 0 2.94528 0.0507417 0.00329173 0.0248535 0.304934 0.0242377 0 0.0121991 0.000117961 86.3067 0.549515 0 0.317864 2.6588 0.0296298
2.98 0.0315567 0.843755 0.0546047 0.000450005 10.0853 0 2.94528 0.050602 0.00329173 0.0251589 0.307902 0.0242377 0 0.0123301 0.000116656 86.3013 0.579653 0 0.317863 2.67602 0.0268591
3 0.0315567 0.843755 0.0546855 0.000449129 10.0889 0 2.94528 0.0504807 0.00329173 0.0254648 0.31087 0.0242377 0 0.0124615 0.000115376 86.2956 0.61088 0 0.317861 2.69325 0.024454
3.02 0.0315567 0.843755 0.0547637 0.000448261 10.0926 0 2.94528 0.050378 0.00329173 0.0257712 0.313838 0.0242377 0 0.0125933 0.000114122 86.2898 0.643197 0 0.317859 2.71048 0.0224146
3.04 0.0315496 0.843755 0.0548396 0.0004474 10.0962 0 2.94527 0.0502913 0.00329023 0.0260781 0.316806 0.0226709 0 0.0127256 0.000112891 86.2839 0.67646 0 0.317858 2.7277 0.0206926
3.06 0.0315496 0.843755 0.0549134 0.000446545 10.0998 0 2.94527 0.0502104 0.00329023 0.0263853 0.319774 0.0226709 0 0.0128582 0.000111677 86.2778 0.710082 0 0.317856 2.74492 0.0190905
3.08 0.0315496 0.843755 0.054985 0.000445698 10.1034 0 2.94527 0.0501429 0.00329023 0.026693 0.322742 0.0226709 0 0.0129912 0.000110484 86.2717 0.744498 0 0.317855 2.76214 0.0177549
3.1 0.0315428 0.843755 0.0550543 0.000444858 10.1071 0 2.94527 0.050083 0.00328877 0.0270011 0.325709 0.0230636 0 0.0131246 0.000109314 86.2655 0.779382 0 0.317853 2.77936 0.0165758
3.12 0.0315428 0.843755 0.0551215 0.000444024 10.1107 0 2.94527 0.0500287 0.00328877 0.0273096 0.328677 0.0230636 0 0.0132584 0.000108166 86.2592 0.814613 0 0.317852 2.79658 0.0155131
3.14 0.031537 0.843755 0.0551865 0.000443198 10.1143 0 2.94527 0.0499819 0.00328752 0.0276184 0.331645 0.0226303 0 0.0133926 0.00010704 86.2528 0.850307 0 0.317852 2.8138 0.0146057
3.16 0.031537 0.843755 0.0552493 0.000442378 10.1179 0 2.94527 0.0499393 0.00328752 0.0279276 0.334613 0.0226303 0 0.0135272 0.000105932 86.2464 0.886268 0 0.317851 2.83101 0.0137876
3.18 0.031537 0.843755 0.05531 0.000441565 10.1216 0 2.94527 0.0499025 0.00328752 0.0282372 0.337581 0.0226303 0 0.0136621 0.000104845 86.24 0.922585 0 0.317851 2.84823 0.013089
3.2 0.0315314 0.843755 0.0553687 0.000440759 10.1252 0 2.94527 0.0498686 0.00328631 0.028547 0.340549 0.0223951 0 0.0137974 0.000103776 86.2335 0.959085 0 0.317851 2.86544 0.0124517
3.22 0.0315314 0.843754 0.0554254 0.000439958 10.1288 0 2.94527 0.0498373 0.00328631 0.0288572 0.343517 0.0223951 0 0.0139331 0.000102725 86.2269 0.995755 0 0.317852 2.88265 0.0118716
3.24 0.031526 0.843754 0.0554801 0.000439164 10.1324 0 2.94527 0.0498089 0.00328515 0.0291677 0.346485 0.0224221 0 0.0140692 0.000101692 86.2204 1.0326 0 0.317853 2.89986 0.0113522
3.26 0.031526 0.843754 0.0555328 0.000438376 10.136 0 2.94526 0.0497828 0.00328515 0.0294786 0.349453 0.0224221 0 0.0142056 0.000100677 86.2138 1.0696 0 0.317854 2.91706 0.010881
3.28 0.0315208 0.843754 0.0555836 0.000437594 10.1396 0 2.94526 0.0497593 0.00328403 0.0297897 0.352421 0.0224095 0 0.0143423 9.96795e-05 86.2072 1.10674 0 0.317856 2.93427 0.0104616
3.3 0.0315208 0.843754 0.0556325 0.000436818 10.1433 0 2.94526 0.0497369 0.00328403 0.030101 0.355388 0.0224095 0 0.0144794 9.86981e-05 86.2006 1.14396 0 0.317858 2.95147 0.0100644
3.32 0.0315208 0.843754 0.0556796 0.000436047 10.1469 0 2.94526 0.0497161 0.00328403 0.0304127 0.358356 0.0224095 0 0.0146169 9.77334e-05 86.1939 1.18127 0 0.317861 2.96867 0.00970217
3.34 0.0315159 0.843754 0.0557248 0.000435282 10.1505 0 2.94526 0.0496968 0.00328295 0.0307246 0.361324 0.0225982 0 0.0147547 9.67848e-05 86.1873 1.21867 0 0.317864 2.98587 0.00936916
3.36 0.0315159 0.843754 0.0557682 0.000434523 10.1541 0 2.94526 0.0496788 0.00328295 0.0310368 0.364292 0.0225982 0 0.0148928 9.58519e-05 86.1806 1.25615 0 0.317868 3.00306 0.00906276
3.38 0.0315111 0.843754 0.0558098 0.000433769 10.1577 0 2.94526 0.0496619 0.00328191 0.0313492 0.36726 0.0225528 0 0.0150313 9.49342e-05 86.1739 1.29369 0 0.317872 3.02025 0.00877897
3.4 0.0315111 0.843754 0.0558497 0.00043302 10.1613 0 2.94526 0.0496458 0.00328191 0.0316618 0.370228 0.0225528 0 0.0151701 9.40314e-05 86.1672 1.33128 0 0.317877 3.03744 0.00851133
3.42 0.0315065 0.843754 0.0558879 0.000432277 10.1649 0 2.94526 0.0496304 0.0032809 0.0319747 0.373196 0.0226312 0 0.0153093 9.31431e-05 86.1605 1.36891 0 0.317883 3.05463 0.00825793
3.44 0.0315065 0.843754 0.0559244 0.000431539 10.1686 0 2.94526 0.049616 0.0032809 0.0322878 0.376164 0.0226312 0 0.0154487 9.22691e-05 86.1538 1.40659 0 0.317889 3.07182 0.00802304
3.46 0.0315065 0.843754 0.0559592 0.000430806 10.1722 0 2.94526 0.0496023 0.0032809 0.0326011 0.379132 0.0226312 0 0.0155885 9.14092e-05 86.1471 1.44431 0 0.317895 3.089 0.00780309
3.48 0.0315021 0.843754 0.0559924 0.000430078 10.1758 0 2.94526 0.049589 0.00327994 0.0329145 0.3821 0.0225686 0 0.0157286 9.05629e-05 86.1404 1.48206 0 0.317902 3.10618 0.00759106
3.5 0.0315021 0.843754 0.056024 0.000429355 10.1794 0 2.94526 0.049576 0.00327994 0.0332282 0.385067 0.0225686 0 0.0158691 8.973e-05 86.1336 1.51981 0 0.31791 3.12335 0.00738399
3.52 0.0314978 0.843754 0.056054 0.000428636 10.183 0 2.94526 0.0495636 0.00327901 0.033542 0.388035 0.0225569 0 0.0160098 8.89102e-05 86.1269 1.5576 0 0.317919 3.14053 0.00718783
3.54 0.0314978 0.843754 0.0560824 0.000427923 10.1866 0 2.94525 0.0495522 0.00327901 0.033856 0.391003 0.0225569 0 0.0161509 8.81032e-05 86.1202 1.59544 0 0.317928 3.1577 0.00701157
3.56 0.0314938 0.843754 0.0561094 0.000427214 10.1902 0 2.94525 0.0495415 0.00327811 0.0341701 0.393971 0.0225727 0 0.0162922 8.73087e-05 86.1134 1.63331 0 0.317938 3.17487 0.00684988
3.58 0.0314938 0.843754 0.0561348 0.00042651 10.1938 0 2.94525 0.0495308 0.00327811 0.0344844 0.396939 0.0225727 0 0.0164339 8.65265e-05 86.1066 1.67118 0 0.317948 3.19203 0.00668699
3.6 0.0314938 0.843754 0.0561587 0.00042581 10.1974 0 2.94525 0.0495204 0.00327811 0.0347988 0.399907 0.0225727 0 0.0165758 8.57566e-05 86.0999 1.70907 0 0.317959 3.20919 0.00653007
3.62 0.0314898 0.843754 0.0561812 0.000425115 10.201 0 2.94525 0.0495101 0.00327724 0.0351133 0.402875 0.022393 0 0.0167181 8.49979e-05 86.0931 1.74695 0 0.317971 3.22635 0.00637556
3.64 0.0314898 0.843754 0.0562023 0.000424424 10.2046 0 2.94525 0.0495001 0.00327724 0.035428 0.405843 0.022393 0 0.0168606 8.42508e-05 86.0864 1.78485 0 0.317984 3.2435 0.00622461
3.66 0.0314823 0.843754 0.056222 0.000423738 10.2082 0 2.94525 0.0494905 0.00327559 0.0357428 0.408811 0.0225126 0 0.0170034 8.35149e-05 86.0796 1.82275 0 0.317997 3.26066 0.00608109
3.68 0.0314823 0.843754 0.0562403 0.000423056 10.2118 0 2.94525 0.0494814 0.00327559 0.0360576 0.411779 0.0225126 0 0.0171465 8.279e-05 86.0728 1.86068 0 0.318011 3.2778 0.00594652
3.7 0.0314823 0.843754 0.0562572 0.000422378 10.2154 0 2.94525 0.0494726 0.00327559 0.0363726 0.414747 0.0225126 0 0.0172899 8.20763e-05 86.066 1.89863 0 0.318026 3.29495 0.00581955
3.72 0.0314823 0.843754 0.0562728 0.000421705 10.2191 0 2.94525 0.0494643 0.00327559 0.0366876 0.417714 0.0225126 0 0.0174336 8.13737e-05 86.0592 1.93659 0 0.318041 3.31209 0.00570018
3.74 0.0314754 0.843754 0.0562869 0.000421035 10.2227 0 2.94525 0.0494564 0.00327406 0.0370027 0.420682 0.021581 0 0.0175775 8.06822e-05 86.0525 1.97457 0 0.318058 3.32922 0.00558827
3.76 0.0314754 0.843754 0.0563 0.00042037 10.2263 0 2.94525 0.0494485 0.00327406 0.0373179 0.42365 0.021581 0 0.0177217 7.9999e-05 86.0457 2.01254 0 0.318074 3.34635 0.0054761
3.78 0.0314754 0.843754 0.0563117 0.000419708 10.2299 0 2.94525 0.0494408 0.00327406 0.0376332 0.426618 0.021581 0 0.0178662 7.9326e-05 86.0389 2.05052 0 0.318092 3.36348 0.0053687
3.8 0.0314754 0.843754 0.0563222 0.000419051 10.2335 0 2.94525 0.0494334 0.00327406 0.0379485 0.429586 0.021581 0 0.0180109 7.86631e-05 86.0321 2.0885 0 0.318111 3.38061 0.00526607
3.82 0.0314754 0.843754 0.0563314 0.000418397 10.2371 0 2.94525 0.0494263 0.00327406 0.0382639 0.432554 0.021581 0 0.018156 7.80104e-05 86.0253 2.1265 0 0.31813 3.39773 0.00516822
3.84 0.0314689 0.843754 0.0563393 0.000417748 10.2407 0 2.94525 0.0494194 0.00327263 0.0385793 0.435522 0.0218431 0 0.0183012 7.73669e-05 86.0185 2.16449 0 0.31815 3.41484 0.00507413
3.86 0.0314689 0.843754 0.0563462 0.000417102 10.2443 0 2.94525 0.0494127 0.00327263 0.0388948 0.43849 0.0218431 0 0.0184467 7.67318e-05 86.0117 2.20249 0 0.318171 3.43195 0.00498258
3.88 0.0314689 0.843754 0.0563519 0.000416459 10.2479 0 2.94524 0.0494062 0.00327263 0.0392103 0.441458 0.0218431 0 0.0185925 7.61059e-05 86.0049 2.24049 0 0.318192 3.44906 0.0048948
3.9 0.0314689 0.843754 0.0563564 0.000415821 10.2515 0 2.94524 0.0493998 0.00327263 0.0395258 0.444426 0.0218431 0 0.0187385 7.54893e-05 85.9981 2.27849 0 0.318214 3.46616 0.00481078
3.92 0.0314689 0.843754 0.0563597 0.000415186 10.255 0 2.94524 0.0493938 0.00327263 0.0398414 0.447393 0.0218431 0 0.0188848 7.48821e-05 85.9913 2.31649 0 0.318237 3.48326 0.00473052
3.94 0.0314628 0.843754 0.056362 0.000414555 10.2586 0 2.94524 0.0493878 0.00327128 0.040157 0.450361 0.0218395 0 0.0190314 7.42824e-05 85.9845 2.35449 0 0.318261 3.50035 0.00465175
3.96 0.0314628 0.843754 0.0563632 0.000413927 10.2622 0 2.94524 0.0493819 0.00327128 0.0404725 0.453329 0.0218395 0 0.0191781 7.36908e-05 85.9776 2.39249 0 0.318286 3.51744 0.00457511
3.98 0.0314628 0.843754 0.0563634 0.000413302 10.2658 0 2.94524 0.0493762 0.00327128 0.0407881 0.456297 0.0218395 0 0.0193251 7.31076e-05 85.9708 2.43049 0 0.318312 3.53453 0.00450115
4 0.0314628 0.843754 0.0563624 0.000412681 10.2694 0 2.94524 0.0493707 0.00327128 0.0411037 0.459265 0.0218395 0 0.0194724 7.2533e-05 85.964 2.46848 0 0.318338 3.55161 0.00442987
4.02 0.0314518 0.843754 0.0563603 0.000412064 10.273 0 2.94524 0.0493653 0.00326884 0.0414193 0.462233 0.0223689 0 0.0196198 7.19666e-05 85.9572 2.50647 0 0.318365 3.56868 0.00436115
4.04 0.0314518 0.843754 0.0563573 0.00041145 10.2766 0 2.94524 0.0493601 0.00326884 0.0417349 0.465201 0.0223689 0 0.0197675 7.14074e-05 85.9504 2.54446 0 0.318393 3.58575 0.0042942
4.06 0.0314518 0.843754 0.0563533 0.000410839 10.2802 0 2.94524 0.049355 0.00326884 0.0420505 0.468169 0.0223689 0 0.0199155 7.08558e-05 85.9436 2.58245 0 0.318422 3.60281 0.00422937
4.08 0.0314518 0.843753 0.0563483 0.000410232 10.2838 0 2.94524 0.04935 0.00326884 0.042366 0.471137 0.0223689 0 0.0200636 7.03117e-05 85.9368 2.62042 0 0.318452 3.61987 0.00416654
4.1 0.0314518 0.843753 0.0563423 0.000409627 10.2874 0 2.94524 0.0493451 0.00326884 0.0426815 0.474105 0.0223689 0 0.020212 6.9775e-05 85.9299 2.6584 0 0.318482 3.63693 0.00410563
4.12 0.0314518 0.843753 0.0563354 0.000409026 10.291 0 2.94524 0.0493404 0.00326884 0.042997 0.477072 0.0223689 0 0.0203606 6.92454e-05 85.9231 2.69637 0 0.318513 3.65397 0.00404654
4.14 0.0314518 0.843753 0.0563276 0.000408428 10.2946 0 2.94524 0.0493357 0.00326884 0.0433125 0.48004 0.0223689 0 0.0205095 6.87229e-05 85.9163 2.73433 0 0.318545 3.67102 0.00398916
4.16 0.0314518 0.843753 0.0563188 0.000407834 10.2982 0 2.94524 0.0493312 0.00326884 0.0436279 0.483008 0.0223689 0 0.0206585 6.82073e-05 85.9095 2.77228 0 0.318578 3.68805 0.00393341
4.18 0.0314518 0.843753 0.0563091 0.000407242 10.3018 0 2.94524 0.0493268 0.00326884 0.0439432 0.485976 0.0223689 0 0.0208077 6.76984e-05 85.9027 2.81023 0 0.318612 3.70508 0.00387918
4.2 0.0314518 0.843753 0.0562985 0.000406653 10.3054 0 2.94524 0.0493225 0.00326884 0.0442586 0.488944 0.0223689 0 0.0209572 6.71962e-05 85.8958 2.84817 0 0.318647 3.72211 0.00382638
4.22 0.0314431 0.843753 0.0562871 0.000406067 10.309 0 2.94524 0.0493182 0.00326689 0.0445738 0.491912 0.0222404 0 0.0211069 6.67006e-05 85.889 2.8861 0 0.318683 3.73913 0.00377521
4.24 0.0314431 0.843753 0.0562748 0.000405485 10.3125 0 2.94524 0.0493141 0.00326689 0.044889 0.49488 0.0222404 0 0.0212567 6.62114e-05 85.8822 2.92402 0 0.318719 3.75614 0.00372542
4.26 0.0314431 0.843753 0.0562617 0.000404905 10.3161 0 2.94524 0.0493101 0.00326689 0.0452041 0.497848 0.0222404 0 0.0214068 6.57285e-05 85.8754 2.96194 0 0.318756 3.77315 0.00367689
4.28 0.0314431 0.843753 0.0562477 0.000404328 10.3197 0 2.94524 0.0493061 0.00326689 0.0455192 0.500816 0.0222404 0 0.0215571 6.52517e-05 85.8686 2.99984 0 0.318795 3.79015 0.00362954
4.3 0.0314431 0.843753 0.056233 0.000403754 10.3233 0 2.94524 0.0493022 0.00326689 0.0458341 0.503784 0.0222404 0 0.0217075 6.47809e-05 85.8617 3.03773 0 0.318834 3.80715 0.00358329
4.32 0.0314431 0.843753 0.0562175 0.000403183 10.3269 0 2.94523 0.0492984 0.00326689 0.046149 0.506752 0.0222404 0 0.0218582 6.4316e-05 85.8549 3.07562 0 0.318874 3.82414 0.00353805
4.34 0.0314431 0.843753 0.0562012 0.000402614 10.3305 0 2.94523 0.0492947 0.00326689 0.0464638 0.509719 0.0222404 0 0.022009 6.38567e-05 85.8481 3.11349 0 0.318915 3.84112 0.00349373
4.36 0.0314431 0.843753 0.0561841 0.000402049 10.3341 0 2.94523 0.049291 0.00326689 0.0467785 0.512687 0.0222404 0 0.0221601 6.3403e-05 85.8413 3.15135 0 0.318956 3.8581 0.00345026
4.38 0.0314352 0.843753 0.0561663 0.000401486 10.3377 0 2.94523 0.0492875 0.00326515 0.047093 0.515655 0.0223751 0 0.0223113 6.29554e-05 85.8345 3.18919 0 0.318999 3.87506 0.00340828
4.4 0.0314352 0.843753 0.0561477 0.000400926 10.3413 0 2.94523 0.049284 0.00326515 0.0474075 0.518623 0.0223751 0 0.0224627 6.25136e-05 85.8276 3.22703 0 0.319043 3.89203 0.00336786
4.42 0.0314352 0.843753 0.0561284 0.000400369 10.3448 0 2.94523 0.0492806 0.00326515 0.0477219 0.521591 0.0223751 0 0.0226143 6.20775e-05 85.8208 3.26486 0 0.319087 3.90898 0.00332849
4.44 0.0314352 0.843753 0.0561083 0.000399814 10.3484 0 2.94523 0.0492773 0.00326515 0.0480362 0.524559 0.0223751 0 0.022766 6.16467e-05 85.814 3.30267 0 0.319133 3.92593 0.00329017
4.46 0.0314352 0.843753 0.0560876 0.000399262 10.352 0 2.94523 0.0492741 0.00326515 0.0483504 0.527527 0.0223751 0 0.0229179 6.12212e-05 85.8072 3.34047 0 0.319179 3.94287 0.00325283
4.48 0.0314352 0.843753 0.0560661 0.000398713 10.3556 0 2.94523 0.0492709 0.00326515 0.0486644 0.530495 0.0223751 0 0.02307 6.0801e-05 85.8004 3.37825 0 0.319226 3.95981 0.00321645
4.5 0.0314352 0.843753 0.056044 0.000398166 10.3592 0 2.94523 0.0492678 0.00326515 0.0489784 0.533463 0.0223751 0 0.0232223 6.03859e-05 85.7935 3.41603 0 0.319274 3.97674 0.003181
4.52 0.0314352 0.843753 0.0560212 0.000397622 10.3628 0 2.94523 0.0492647 0.00326515 0.0492921 0.536431 0.0223751 0 0.0233747 5.99758e-05 85.7867 3.45378 0 0.319323 3.99366 0.00314642
4.54 0.0314282 0.843753 0.0559978 0.00039708 10.3663 0 2.94523 0.0492618 0.00326359 0.0496058 0.539398 0.0225442 0 0.0235273 5.95707e-05 85.7799 3.49153 0 0.319373 4.01057 0.00311262
4.56 0.0314282 0.843753 0.0559737 0.000396541 10.3699 0 2.94523 0.0492588 0.00326359 0.0499193 0.542366 0.0225442 0 0.0236801 5.91705e-05 85.7731 3.52925 0 0.319424 4.02748 0.00307935
4.58 0.0314282 0.843753 0.055949 0.000396005 10.3735 0 2.94523 0.049256 0.00326359 0.0502327 0.545334 0.0225442 0 0.023833 5.87751e-05 85.7663 3.56697 0 0.319476 4.04437 0.00304674
4.6 0.0314282 0.843753 0.0559236 0.000395471 10.3771 0 2.94523 0.0492531 0.00326359 0.050546 0.548302 0.0225442 0 0.0239861 5.83843e-05 85.7595 3.60466 0 0.319529 4.06127 0.00301474
4.62 0.0314282 0.843753 0.0558977 0.000394939 10.3807 0 2.94523 0.0492503 0.00326359 0.0508591 0.55127 0.0225442 0 0.0241393 5.79982e-05 85.7527 3.64234 0 0.319583 4.07815 0.0029833
4.64 0.0314282 0.843753 0.0558712 0.00039441 10.3843 0 2.94523 0.0492476 0.00326359 0.0511721 0.554238 0.0225442 0 0.0242927 5.76165e-05 85.7459 3.68 0 0.319637 4.09502 0.00295238
4.66 0.0314282 0.843753 0.0558441 0.000393883 10.3878 0 2.94523 0.0492449 0.00326359 0.0514849 0.557206 0.0225442 0 0.0244462 5.72392e-05 85.7391 3.71764 0 0.319693 4.11189 0.00292192
4.68 0.0314282 0.843753 0.0558164 0.000393358 10.3914 0 2.94523 0.0492423 0.00326359 0.0517976 0.560174 0.0225442 0 0.0245999 5.68661e-05 85.7322 3.75527 0 0.31975 4.12875 0.00289187
4.7 0.0314282 0.843753 0.0557882 0.000392836 10.395 0 2.94523 0.0492397 0.00326359 0.05211 0.563142 0.0225442 0 0.0247537 5.64973e-05 85.7254 3.79287 0 0.319807 4.1456 0.00286219
4.72 0.0314174 0.843753 0.0557596 0.000392316 10.3986 0 2.94523 0.0492371 0.00326116 0.0524223 0.56611 0.0224786 0 0.0249076 5.61318e-05 85.7186 3.83045 0 0.319866 4.16244 0.00283337
4.74 0.0314174 0.843753 0.0557305 0.000391798 10.4022 0 2.94523 0.0492346 0.00326116 0.0527343 0.569077 0.0224786 0 0.0250616 5.57704e-05 85.7118 3.86801 0 0.319925 4.17927 0.00280513
4.76 0.0314174 0.843753 0.0557009 0.000391283 10.4057 0 2.94523 0.0492321 0.00326116 0.0530462 0.572045 0.0224786 0 0.0252157 5.54131e-05 85.7051 3.90554 0 0.319986 4.19609 0.00277744
4.78 0.0314174 0.843753 0.0556707 0.00039077 10.4093 0 2.94523 0.0492297 0.00326116 0.0533579 0.575013 0.0224786 0 0.02537 5.506e-05 85.6983 3.94306 0 0.320047 4.2129 0.00275031
4.8 0.0314174 0.843753 0.05564 0.000390259 10.4129 0 2.94523 0.0492273 0.00326116 0.0536694 0.577981 0.0224786 0 0.0255244 5.47111e-05 85.6915 3.98056 0 0.320109 4.2297 0.00272374
4.82 0.0314174 0.843753 0.0556088 0.000389751 10.4165 0 2.94523 0.049225 0.00326116 0.0539807 0.580949 0.0224786 0 0.0256789 5.43663e-05 85.6847 4.01803 0 0.320173 4.2465 0.00269773
4.84 0.0314174 0.843753 0.055577 0.000389245 10.4201 0 2.94523 0.0492227 0.00326116 0.0542918 0.583917 0.0224786 0 0.0258335 5.40256e-05 85.6779 4.05549 0 0.320237 4.26328 0.00267227
4.86 0.0314174 0.843753 0.0555447 0.000388741 10.4236 0 2.94523 0.0492205 0.00326116 0.0546028 0.586885 0.0224786 0 0.0259883 5.36891e-05 85.6711 4.09292 0 0.320302 4.28006 0.00264737
4.88 0.0314174 0.843753 0.0555119 0.00038824 10.4272 0 2.94523 0.0492183 0.00326116 0.0549136 0.589853 0.0224786 0 0.0261432 5.33567e-05 85.6643 4.13034 0 0.320368 4.29683 0.00262303
4.9 0.0314174 0.843753 0.0554785 0.000387741 10.4308 0 2.94523 0.0492162 0.00326116 0.0552242 0.592821 0.0224786 0 0.0262982 5.30285e-05 85.6575 4.16773 0 0.320436 4.31358 0.00259925
4.92 0.0314174 0.843753 0.0554447 0.000387244 10.4344 0 2.94523 0.0492141 0.00326116 0.0555346 0.595789 0.0224786 0 0.0264534 5.27044e-05 85.6508 4.20511 0 0.320504 4.33033 0.00257602
4.94 0.0314174 0.843753 0.0554103 0.00038675 10.4379 0 2.94523 0.0492121 0.00326116 0.0558449 0.598757 0.0224786 0 0.0266087 5.23845e-05 85.644 4.24246 0 0.320573 4.34707 0.00255335
4.96 0.0314174 0.843753 0.0553753 0.000386258 10.4415 0 2.94523 0.0492101 0.00326116 0.056155 0.601724 0.0224786 0 0.0267641 5.20687e-05 85.6372 4.2798 0 0.320643 4.36381 0.00253124
4.98 0.0314174 0.843753 0.0553398 0.000385768 10.4451 0 2.94522 0.0492081 0.00326116 0.0564649 0.604692 0.0224786 0 0.0269197 5.17571e-05 85.6304 4.31711 0 0.320714 4.38053 0.00250969
5 0.0314174 0.843753 0.0553038 0.00038528 10.4487 0 2.94522 0.0492062 0.00326116 0.0567746 0.60766 0.0224786 0 0.0270753 5.14496e-05 85.6236 4.35441 0 0.320786 4.39724 0.00248869
5.02 0.0314088 0.843753 0.0552683 0.000384793 10.4522 0 2.94522 0.0492042 0.00325924 0.0570839 0.610628 0.0165315 0 0.027231 5.11398e-05 85.6169 4.39165 0 0.320859 4.41394 0.00246682
5.04 0.0314088 0.843753 0.0552323 0.000384308 10.4558 0 2.94522 0.0492023 0.00325924 0.0573931 0.613596 0.0165315 0 0.0273867 5.08331e-05 85.6101 4.42888 0 0.320933 4.43063 0.00244527
5.06 0.0314088 0.843753 0.055196 0.000383824 10.4594 0 2.94522 0.0492004 0.00325924 0.0577021 0.616564 0.0165315 0 0.0275426 5.05296e-05 85.6034 4.46608 0 0.321008 4.44731 0.00242409
5.08 0.0314088 0.843753 0.0551592 0.000383343 10.463 0 2.94522 0.0491986 0.00325924 0.0580109 0.619532 0.0165315 0 0.0276986 5.02295e-05 85.5966 4.50326 0 0.321084 4.46398 0.00240329
5.1 0.0314088 0.843753 0.0551221 0.000382863 10.4665 0 2.94522 0.0491968 0.00325924 0.0583195 0.6225 0.0165315 0 0.0278546 4.99327e-05 85.5898 4.54041 0 0.32116 4.48064 0.00238285
5.12 0.0314088 0.843753 0.0550845 0.000382386 10.4701 0 2.94522 0.049195 0.00325924 0.0586278 0.625468 0.0165315 0 0.0280108 4.96391e-05 85.5831 4.57754 0 0.321238 4.49729 0.00236279
5.14 0.0314088 0.843753 0.0550466 0.000381911 10.4737 0 2.94522 0.0491932 0.00325924 0.058936 0.628436 0.0165315 0 0.0281671 4.93489e-05 85.5763 4.61465 0 0.321317 4.51393 0.0023431
5.16 0.0314088 0.843753 0.0550082 0.000381438 10.4773 0 2.94522 0.0491915 0.00325924 0.059244 0.631403 0.0165315 0 0.0283235 4.9062e-05 85.5696 4.65173 0 0.321397 4.53056 0.00232378
5.18 0.0314088 0.843753 0.0549694 0.000380967 10.4808 0 2.94522 0.0491898 0.00325924 0.0595518 0.634371 0.0165315 0 0.02848 4.87784e-05 85.5628 4.68879 0 0.321478 4.54718 0.00230483
5.2 0.0314088 0.843753 0.0549302 0.000380497 10.4844 0 2.94522 0.0491882 0.00325924 0.0598594 0.637339 0.0165315 0 0.0286367 4.84981e-05 85.5561 4.72582 0 0.32156 4.56379 0.00228625
5.22 0.0314088 0.843753 0.0548907 0.00038003 10.488 0 2.94522 0.0491866 0.00325924 0.0601668 0.640307 0.0165315 0 0.0287934 4.82211e-05 85.5494 4.76284 0 0.321642 4.58039 0.00226805
5.24 0.0314088 0.843753 0.0548507 0.000379565 10.4916 0 2.94522 0.049185 0.00325924 0.060474 0.643275 0.0165315 0 0.0289502 4.79474e-05 85.5426 4.79983 0 0.321726 4.59698 0.00225021
5.26 0.0314088 0.843753 0.0548103 0.000379102 10.4951 0 2.94522 0.0491834 0.00325924 0.060781 0.646243 0.0165315 0 0.0291072 4.7677e-05 85.5359 4.83679 0 0.321811 4.61356 0.00223275
5.28 0.0314088 0.843753 0.0547695 0.000378641 10.4987 0 2.94522 0.0491819 0.00325924 0.0610877 0.649211 0.0165315 0 0.0292642 4.74099e-05 85.5292 4.87373 0 0.321896 4.63013 0.00221566
5.3 0.0314088 0.843753 0.0547283 0.000378182 10.5023 0 2.94522 0.0491805 0.00325924 0.0613943 0.652179 0.0165315 0 0.0294214 4.71461e-05 85.5224 4.91065 0 0.321983 4.64669 0.00219894
5.32 0.0314012 0.843753 0.0546873 0.000377724 10.5058 0 2.94522 0.049179 0.00325755 0.0617005 0.655147 0.019502 0 0.0295784 4.68819e-05 85.5157 4.94751 0 0.322071 4.66323 0.00218205
5.34 0.0314012 0.843753 0.054646 0.000377268 10.5094 0 2.94522 0.0491775 0.00325755 0.0620065 0.658115 0.019502 0 0.0297356 4.66204e-05 85.509 4.98434 0 0.322159 4.67976 0.00216547
5.36 0.0314012 0.843753 0.0546044 0.000376813 10.513 0 2.94522 0.0491761 0.00325755 0.0623122 0.661082 0.019502 0 0.0298928 4.63618e-05 85.5023 5.02114 0 0.322249 4.69628 0.00214919
5.38 0.0314012 0.843753 0.0545624 0.000376361 10.5166 0 2.94522 0.0491747 0.00325755 0.0626177 0.66405 0.019502 0 0.0300501 4.61061e-05 85.4956 5.05792 0 0.32234 4.71278 0.00213322
5.4 0.0314012 0.843753 0.0545202 0.00037591 10.5201 0 2.94522 0.0491733 0.00325755 0.0629229 0.667018 0.019502 0 0.0302074 4.58531e-05 85.4889 5.09467 0 0.322431 4.72928 0.00211755
5.42 0.0314012 0.843753 0.0544776 0.000375461 10.5237 0 2.94522 0.049172 0.00325755 0.0632279 0.669986 0.019502 0 0.0303649 4.5603e-05 85.4821 5.13139 0 0.322524 4.74577 0.00210218
5.44 0.0314012 0.843753 0.0544347 0.000375015 10.5273 0 2.94522 0.0491706 0.00325755 0.0635327 0.672954 0.019502 0 0.0305224 4.53558e-05 85.4754 5.16808 0 0.322617 4.76224 0.00208712
5.46 0.0314012 0.843753 0.0543914 0.00037457 10.5308 0 2.94522 0.0491694 0.00325755 0.0638373 0.675922 0.019502 0 0.03068 4.51113e-05 85.4688 5.20474 0 0.322712 4.7787 0.00207236
5.48 0.0314012 0.843753 0.0543479 0.000374127 10.5344 0 2.94522 0.0491681 0.00325755 0.0641417 0.67889 0.019502 0 0.0308377 4.48697e-05 85.4621 5.24138 0 0.322808 4.79515 0.00205791
5.5 0.0314012 0.843753 0.054304 0.000373685 10.538 0 2.94522 0.0491669 0.00325755 0.0644458 0.681858 0.019502 0 0.0309954 4.46309e-05 85.4554 5.27798 0 0.322904 4.81159 0.00204376
5.52 0.0314012 0.843753 0.0542597 0.000373246 10.5415 0 2.94522 0.0491657 0.00325755 0.0647497 0.684826 0.019502 0 0.0311533 4.4395e-05 85.4487 5.31456 0 0.323002 4.82802 0.00202991
5.54 0.0314012 0.843753 0.0542152 0.000372809 10.5451 0 2.94522 0.0491645 0.00325755 0.0650534 0.687794 0.019502 0 0.0313112 4.41619e-05 85.442 5.35111 0 0.3231 4.84444 0.00201637
5.56 0.0314012 0.843753 0.0541703 0.000372373 10.5487 0 2.94522 0.0491633 0.00325755 0.0653568 0.690762 0.019502 0 0.0314692 4.39316e-05 85.4353 5.38764 0 0.3232 4.86084 0.00200313
5.58 0.0314012 0.843753 0.0541252 0.00037194 10.5522 0 2.94522 0.0491622 0.00325755 0.06566 0.693729 0.019502 0 0.0316273 4.37041e-05 85.4286 5.42413 0 0.3233 4.87724 0.0019902
5.6 0.0313951 0.843753 0.0540797 0.000371508 10.5558 0 2.94522 0.0491611 0.00325619 0.065963 0.696697 0.0183489 0 0.0317854 4.34794e-05 85.422 5.4606 0 0.323401 4.89362 0.00197756
5.62 0.0313951 0.843753 0.0540347 0.000371076 10.5594 0 2.94522 0.04916 0.00325619 0.0662656 0.699665 0.0183489 0 0.0319435 4.3252e-05 85.4153 5.497 0 0.323504 4.90998 0.00196406
5.64 0.0313951 0.843753 0.0539896 0.000370646 10.5629 0 2.94522 0.0491589 0.00325619 0.0665679 0.702633 0.0183489 0 0.0321015 4.30266e-05 85.4086 5.53337 0 0.323607 4.92633 0.00195072
5.66 0.0313951 0.843753 0.0539443 0.000370217 10.5665 0 2.94522 0.0491578 0.00325619 0.06687 0.705601 0.0183489 0 0.0322596 4.28034e-05 85.402 5.5697 0 0.323712 4.94267 0.00193754
5.68 0.0313951 0.843753 0.0538987 0.00036979 10.5701 0 2.94522 0.0491567 0.00325619 0.0671718 0.708569 0.0183489 0 0.0324178 4.25823e-05 85.3953 5.606 0 0.323817 4.95899 0.00192451
5.7 0.0313951 0.843753 0.053853 0.000369365 10.5736 0 2.94522 0.0491557 0.00325619 0.0674734 0.711537 0.0183489 0 0.032576 4.23633e-05 85.3887 5.64227 0 0.323923 4.9753 0.00191164
5.72 0.0313951 0.843753 0.053807 0.000368941 10.5772 0 2.94522 0.0491546 0.00325619 0.0677748 0.714505 0.0183489 0 0.0327343 4.21464e-05 85.3821 5.67851 0 0.32403 4.9916 0.00189893
5.74 0.0313951 0.843753 0.0537608 0.000368519 10.5808 0 2.94522 0.0491536 0.00325619 0.0680759 0.717473 0.0183489 0 0.0328926 4.19316e-05 85.3754 5.71471 0 0.324139 5.00789 0.00188638
5.76 0.0313951 0.843753 0.0537145 0.000368098 10.5843 0 2.94522 0.0491526 0.00325619 0.0683767 0.720441 0.0183489 0 0.033051 4.1719e-05 85.3688 5.75088 0 0.324248 5.02416 0.00187399
5.78 0.0313951 0.843753 0.0536679 0.00036768 10.5879 0 2.94522 0.0491516 0.00325619 0.0686773 0.723408 0.0183489 0 0.0332094 4.15085e-05 85.3622 5.78702 0 0.324358 5.04042 0.00186175
5.8 0.0313951 0.843753 0.0536211 0.000367263 10.5915 0 2.94522 0.0491506 0.00325619 0.0689776 0.726376 0.0183489 0 0.0333678 4.13001e-05 85.3555 5.82312 0 0.324469 5.05667 0.00184967
5.82 0.0313951 0.843753 0.0535741 0.000366847 10.595 0 2.94522 0.0491497 0.00325619 0.0692777 0.729344 0.0183489 0 0.0335264 4.10938e-05 85.3489 5.85919 0 0.324581 5.0729 0.00183775
5.84 0.0313951 0.843753 0.0535269 0.000366433 10.5986 0 2.94522 0.0491488 0.00325619 0.0695776 0.732312 0.0183489 0 0.0336849 4.08896e-05 85.3423 5.89523 0 0.324694 5.08912 0.00182598
5.86 0.0313951 0.843753 0.0534794 0.000366021 10.6021 0 2.94522 0.0491479 0.00325619 0.0698771 0.73528 0.0183489 0 0.0338436 4.06876e-05 85.3357 5.93124 0 0.324808 5.10533 0.00181437
5.88 0.0313951 0.843753 0.0534318 0.00036561 10.6057 0 2.94522 0.049147 0.00325619 0.0701765 0.738248 0.0183489 0 0.0340022 4.04877e-05 85.3291 5.96721 0 0.324923 5.12153 0.00180293
5.9 0.0313897 0.843753 0.0533839 0.000365201 10.6093 0 2.94522 0.0491461 0.00325498 0.0704756 0.741216 0.0224758 0 0.034161 4.02899e-05 85.3225 6.00315 0 0.325039 5.13772 0.00179164
5.92 0.0313897 0.843753 0.053336 0.000364794 10.6128 0 2.94522 0.0491453 0.00325498 0.0707743 0.744184 0.0224758 0 0.0343196 4.00939e-05 85.3159 6.03904 0 0.325156 5.15388 0.00178086
5.94 0.0313897 0.843753 0.0532878 0.000364388 10.6164 0 2.94522 0.0491445 0.00325498 0.0710728 0.747152 0.0224758 0 0.0344783 3.99e-05 85.3093 6.07489 0 0.325274 5.17003 0.0017703
5.96 0.0313897 0.843753 0.0532395 0.000363984 10.62 0 2.94522 0.0491437 0.00325498 0.0713711 0.75012 0.0224758 0 0.034637 3.97082e-05 85.3027 6.1107 0 0.325393 5.18617 0.00175997
5.98 0.0313897 0.843753 0.0531909 0.000363581 10.6235 0 2.94522 0.0491429 0.00325498 0.071669 0.753088 0.0224758 0 0.0347957 3.95184e-05 85.2962 6.14648 0 0.325513 5.20229 0.00174987
6 0.0313897 0.843753 0.0531422 0.000363181 10.6271 0 2.94522 0.0491421 0.00325498 0.0719667 0.756055 0.0224758 0 0.0349545 3.93307e-05 85.2896 6.18222 0 0.325633 5.2184 0.00174001
6.02 0.0313897 0.843753 0.0530933 0.000362781 10.6306 0 2.94522 0.0491414 0.00325498 0.0722641 0.759023 0.0224758 0 0.0351132 3.9145e-05 85.283 6.21792 0 0.325755 5.2345 0.00173039
6.04 0.0313897 0.843753 0.0530442 0.000362384 10.6342 0 2.94522 0.0491407 0.00325498 0.0725613 0.761991 0.0224758 0 0.035272 3.89614e-05 85.2765 6.25359 0 0.325877 5.25058 0.00172102
6.06 0.0313897 0.843753 0.0529949 0.000361988 10.6378 0 2.94522 0.04914 0.00325498 0.0728582 0.764959 0.0224758 0 0.0354308 3.87798e-05 85.2699 6.28922 0 0.326001 5.26665 0.0017119
6.08 0.0313897 0.843753 0.0529454 0.000361593 10.6413 0 2.94522 0.0491393 0.00325498 0.0731548 0.767927 0.0224758 0 0.0355897 3.86003e-05 85.2633 6.3248 0 0.326125 5.2827 0.00170303
6.1 0.0313897 0.843753 0.0528957 0.0003612 10.6449 0 2.94522 0.0491387 0.00325498 0.0734511 0.770895 0.0224758 0 0.0357485 3.84228e-05 85.2568 6.36035 0 0.32625 5.29874 0.00169442
6.12 0.0313897 0.843753 0.0528459 0.000360809 10.6484 0 2.94522 0.0491381 0.00325498 0.0737472 0.773863 0.0224758 0 0.0359073 3.82473e-05 85.2503 6.39587 0 0.326377 5.31476 0.00168608
6.14 0.0313897 0.843753 0.0527959 0.00036042 10.652 0 2.94522 0.0491375 0.00325498 0.0740429 0.776831 0.0224758 0 0.0360662 3.80738e-05 85.2437 6.43134 0 0.326504 5.33077 0.001678
6.16 0.0313897 0.843753 0.0527457 0.000360032 10.6556 0 2.94522 0.0491369 0.00325498 0.0743384 0.779799 0.0224758 0 0.0362251 3.79024e-05 85.2372 6.46677 0 0.326632 5.34676 0.00167019
6.18 0.0313897 0.843753 0.0526953 0.000359646 10.6591 0 2.94522 0.0491364 0.00325498 0.0746337 0.782767 0.0224758 0 0.036384 3.7733e-05 85.2307 6.50217 0 0.326761 5.36274 0.00166266
6.2 0.0313855 0.843753 0.0526447 0.000359261 10.6627 0 2.94522 0.0491358 0.00325405 0.0749286 0.785734 0.0223378 0 0.0365429 3.75655e-05 85.2242 6.53752 0 0.326891 5.3787 0.00165535
6.22 0.0313855 0.843753 0.0525946 0.000358876 10.6662 0 2.94522 0.0491353 0.00325405 0.0752233 0.788702 0.0223378 0 0.0367017 3.73963e-05 85.2177 6.57283 0 0.327022 5.39465 0.00164716
6.24 0.0313855 0.843753 0.0525443 0.000358493 10.6698 0 2.94522 0.0491347 0.00325405 0.0755177 0.79167 0.0223378 0 0.0368606 3.72285e-05 85.2111 6.60809 0 0.327153 5.41058 0.00163902
6.26 0.0313855 0.843753 0.0524941 0.000358111 10.6734 0 2.94522 0.0491342 0.00325405 0.0758118 0.794638 0.0223378 0 0.0370195 3.70619e-05 85.2046 6.64332 0 0.327286 5.4265 0.00163092
6.28 0.0313855 0.843753 0.0524437 0.00035773 10.6769 0 2.94522 0.0491336 0.00325405 0.0761057 0.797606 0.0223378 0 0.0371783 3.68965e-05 85.1982 6.6785 0 0.32742 5.4424 0.00162285
6.3 0.0313855 0.843753 0.0523933 0.000357351 10.6805 0 2.94522 0.0491331 0.00325405 0.0763993 0.800574 0.0223378 0 0.0373372 3.67323e-05 85.1917 6.71364 0 0.327554 5.45829 0.00161481
6.32 0.0313855 0.843753 0.0523429 0.000356973 10.684 0 2.94522 0.0491326 0.00325405 0.0766926 0.803542 0.0223378 0 0.0374961 3.65691e-05 85.1852 6.74874 0 0.327689 5.47416 0.00160678
6.34 0.0313855 0.843753 0.0522925 0.000356596 10.6876 0 2.94522 0.049132 0.00325405 0.0769856 0.80651 0.0223378 0 0.0376549 3.6407e-05 85.1787 6.78379 0 0.327825 5.49001 0.00159874
6.36 0.0313855 0.843753 0.052242 0.00035622 10.6911 0 2.94522 0.0491315 0.00325405 0.0772783 0.809478 0.0223378 0 0.0378137 3.62459e-05 85.1723 6.8188 0 0.327962 5.50585 0.0015907
6.38 0.0313855 0.843753 0.0521916 0.000355846 10.6947 0 2.94522 0.049131 0.00325405 0.0775707 0.812446 0.0223378 0 0.0379726 3.60857e-05 85.1658 6.85377 0 0.3281 5.52167 0.00158263
6.4 0.0313855 0.843753 0.0521411 0.000355473 10.6983 0 2.94521 0.0491305 0.00325405 0.0778629 0.815413 0.0223378 0 0.0381314 3.59264e-05 85.1593 6.88869 0 0.328239 5.53748 0.00157454
6.42 0.0313855 0.843753 0.0520906 0.000355101 10.7018 0 2.94521 0.04913 0.00325405 0.0781547 0.818381 0.0223378 0 0.0382901 3.5768e-05 85.1529 6.92357 0 0.328379 5.55327 0.0015664
6.44 0.0313855 0.843753 0.0520402 0.00035473 10.7054 0 2.94521 0.0491295 0.00325405 0.0784463 0.821349 0.0223378 0 0.0384489 3.56104e-05 85.1465 6.9584 0 0.328519 5.56904 0.00155821
6.46 0.0313855 0.843753 0.0519897 0.00035436 10.7089 0 2.94521 0.049129 0.00325405 0.0787376 0.824317 0.0223378 0 0.0386077 3.54535e-05 85.14 6.99319 0 0.328661 5.5848 0.00154996
6.48 0.0313855 0.843753 0.0519393 0.000353991 10.7125 0 2.94521 0.0491285 0.00325405 0.0790286 0.827285 0.0223378 0 0.0387664 3.52974e-05 85.1336 7.02794 0 0.328803 5.60054 0.00154163
6.5 0.0313821 0.843753 0.0518889 0.000353624 10.716 0 2.94521 0.049128 0.00325329 0.0793194 0.830253 0.0223372 0 0.0389251 3.51421e-05 85.1272 7.06263 0 0.328946 5.61626 0.00153329
6.52 0.0313821 0.843753 0.0518381 0.000353258 10.7196 0 2.94521 0.0491276 0.00325329 0.0796098 0.833221 0.0223372 0 0.0390837 3.49908e-05 85.1208 7.09727 0 0.32909 5.63197 0.00152566
6.54 0.0313821 0.843753 0.0517872 0.000352894 10.7231 0 2.94521 0.0491272 0.00325329 0.0798999 0.836189 0.0223372 0 0.0392423 3.48408e-05 85.1144 7.13186 0 0.329234 5.64765 0.00151809
6.56 0.0313821 0.843753 0.0517362 0.000352532 10.7267 0 2.94521 0.0491268 0.00325329 0.0801898 0.839157 0.0223372 0 0.0394008 3.4692e-05 85.108 7.16641 0 0.32938 5.66332 0.00151059
6.58 0.0313821 0.843753 0.0516852 0.00035217 10.7303 0 2.94521 0.0491264 0.00325329 0.0804793 0.842125 0.0223372 0 0.0395593 3.45445e-05 85.1016 7.20091 0 0.329526 5.67897 0.00150315
6.6 0.0313821 0.843753 0.0516341 0.000351811 10.7338 0 2.94521 0.049126 0.00325329 0.0807686 0.845093 0.0223372 0 0.0397178 3.43983e-05 85.0952 7.23537 0 0.329673 5.69461 0.00149577
6.62 0.0313821 0.843753 0.051583 0.000351452 10.7374 0 2.94521 0.0491256 0.00325329 0.0810576 0.84806 0.0223372 0 0.0398763 3.42534e-05 85.0888 7.26978 0 0.329821 5.71023 0.00148846
6.64 0.0313821 0.843753 0.0515318 0.000351095 10.7409 0 2.94521 0.0491252 0.00325329 0.0813463 0.851028 0.0223372 0 0.0400347 3.41097e-05 85.0825 7.30414 0 0.329969 5.72583 0.00148121
6.66 0.0313821 0.843753 0.0514805 0.000350739 10.7445 0 2.94521 0.0491248 0.00325329 0.0816347 0.853996 0.0223372 0 0.0401931 3.39674e-05 85.0761 7.33846 0 0.330119 5.74142 0.00147403
6.68 0.0313821 0.843753 0.0514292 0.000350384 10.748 0 2.94521 0.0491245 0.00325329 0.0819229 0.856964 0.0223372 0 0.0403515 3.38263e-05 85.0697 7.37273 0 0.330269 5.75698 0.00146691
6.7 0.0313821 0.843753 0.0513778 0.000350031 10.7516 0 2.94521 0.0491241 0.00325329 0.0822107 0.859932 0.0223372 0 0.0405098 3.36865e-05 85.0634 7.40695 0 0.33042 5.77254 0.00145985
6.72 0.0313821 0.843753 0.0513264 0.000349678 10.7551 0 2.94521 0.0491238 0.00325329 0.0824983 0.8629 0.0223372 0 0.0406682 3.35479e-05 85.0571 7.44113 0 0.330572 5.78807 0.00145285
6.74 0.0313821 0.843753 0.0512749 0.000349328 10.7587 0 2.94521 0.0491235 0.00325329 0.0827856 0.865868 0.0223372 0 0.0408265 3.34107e-05 85.0507 7.47526 0 0.330725 5.80359 0.00144592
6.76 0.0313821 0.843753 0.0512234 0.000348978 10.7622 0 2.94521 0.0491231 0.00325329 0.0830726 0.868836 0.0223372 0 0.0409847 3.32747e-05 85.0444 7.50935 0 0.330879 5.81909 0.00143905
6.78 0.0313821 0.843753 0.0511718 0.00034863 10.7658 0 2.94521 0.0491228 0.00325329 0.0833593 0.871804 0.0223372 0 0.041143 3.314e-05 85.0381 7.54339 0 0.331033 5.83457 0.00143225
6.8 0.0313787 0.843753 0.0511201 0.000348283 10.7693 0 2.94521 0.0491225 0.0032525 0.0836457 0.874772 0.0220766 0 0.0413012 3.30064e-05 85.0318 7.57738 0 0.331189 5.85004 0.00142552
6.82 0.0313787 0.843753 0.0510688 0.000347937 10.7729 0 2.94521 0.0491223 0.0032525 0.0839318 0.877739 0.0220766 0 0.0414592 3.28723e-05 85.0255 7.6113 0 0.331344 5.86548 0.00141897
6.84 0.0313787 0.843753 0.0510173 0.000347592 10.7765 0 2.94521 0.049122 0.0032525 0.0842176 0.880707 0.0220766 0 0.0416171 3.27393e-05 85.0192 7.64517 0 0.3315 5.88091 0.00141251
6.86 0.0313787 0.843753 0.0509659 0.000347248 10.78 0 2.94521 0.0491217 0.0032525 0.0845032 0.883675 0.0220766 0 0.041775 3.26073e-05 85.0129 7.67899 0 0.331657 5.89631 0.00140612
6.88 0.0313787 0.843753 0.0509145 0.000346906 10.7836 0 2.94521 0.0491215 0.0032525 0.0847884 0.886643 0.0220766 0 0.0419329 3.24763e-05 85.0066 7.71276 0 0.331815 5.9117 0.00139981
6.9 0.0313787 0.843753 0.050863 0.000346564 10.7871 0 2.94521 0.0491212 0.0032525 0.0850734 0.889611 0.0220766 0 0.0420907 3.23464e-05 85.0003 7.74648 0 0.331973 5.92707 0.00139359
6.92 0.0313787 0.843753 0.0508116 0.000346224 10.7907 0 2.94521 0.049121 0.0032525 0.0853581 0.892579 0.0220766 0 0.0422485 3.22175e-05 84.9941 7.78015 0 0.332133 5.94242 0.00138744
6.94 0.0313787 0.843753 0.0507601 0.000345885 10.7942 0 2.94521 0.0491208 0.0032525 0.0856424 0.895547 0.0220766 0 0.0424062 3.20896e-05 84.9878 7.81378 0 0.332293 5.95775 0.00138138
6.96 0.0313787 0.843753 0.0507085 0.000345547 10.7978 0 2.94521 0.0491206 0.0032525 0.0859265 0.898515 0.0220766 0 0.0425638 3.19628e-05 84.9816 7.84735 0 0.332453 5.97307 0.00137539
6.98 0.0313787 0.843753 0.050657 0.000345211 10.8013 0 2.94521 0.0491203 0.0032525 0.0862103 0.901483 0.0220766 0 0.0427214 3.1837e-05 84.9754 7.88087 0 0.332615 5.98837 0.00136948

